  0.00000000E+00 -0.26548877E+02
  0.11116747E-01 -0.26548879E+02
  0.22233494E-01 -0.26548882E+02
  0.33350240E-01 -0.26548889E+02
  0.44466987E-01 -0.26548897E+02
  0.55583734E-01 -0.26548908E+02
  0.66700481E-01 -0.26548921E+02
  0.77817228E-01 -0.26548936E+02
  0.88933975E-01 -0.26548952E+02
  0.10005072E+00 -0.26548971E+02
  0.11116747E+00 -0.26548990E+02
  0.12228422E+00 -0.26549010E+02
  0.13340096E+00 -0.26549031E+02
  0.14451771E+00 -0.26549053E+02
  0.15563446E+00 -0.26549074E+02
  0.16675120E+00 -0.26549095E+02
  0.17786795E+00 -0.26549115E+02
  0.18898470E+00 -0.26549134E+02
  0.20010144E+00 -0.26549151E+02
  0.21121819E+00 -0.26549166E+02
  0.22233494E+00 -0.26549179E+02
  0.23345168E+00 -0.26549188E+02
  0.24456843E+00 -0.26549194E+02
  0.25568518E+00 -0.26549196E+02
  0.26680192E+00 -0.26549194E+02
  0.27791867E+00 -0.26549187E+02
  0.28903542E+00 -0.26549174E+02
  0.30015216E+00 -0.26549156E+02
  0.31126891E+00 -0.26549131E+02
  0.32238566E+00 -0.26549100E+02
  0.33350240E+00 -0.26549062E+02
  0.34461915E+00 -0.26549016E+02
  0.35573590E+00 -0.26548962E+02
  0.36685265E+00 -0.26548900E+02
  0.37796939E+00 -0.26548829E+02
  0.38908614E+00 -0.26548749E+02
  0.40020289E+00 -0.26548659E+02
  0.41131963E+00 -0.26548560E+02
  0.42243638E+00 -0.26548451E+02
  0.43355313E+00 -0.26548332E+02
  0.44466987E+00 -0.26548203E+02
  0.45578662E+00 -0.26548063E+02
  0.46690337E+00 -0.26547913E+02
  0.47802011E+00 -0.26547752E+02
  0.48913686E+00 -0.26547580E+02
  0.50025361E+00 -0.26547397E+02
  0.51137035E+00 -0.26547203E+02
  0.52248710E+00 -0.26546999E+02
  0.53360385E+00 -0.26546784E+02
  0.54472059E+00 -0.26546559E+02
  0.55583734E+00 -0.26546324E+02
  0.56695409E+00 -0.26546078E+02
  0.57807084E+00 -0.26545823E+02
  0.58918758E+00 -0.26545558E+02
  0.60030433E+00 -0.26545283E+02
  0.61142108E+00 -0.26545001E+02
  0.62253782E+00 -0.26544709E+02
  0.63365457E+00 -0.26544410E+02
  0.64477132E+00 -0.26544103E+02
  0.65588806E+00 -0.26543789E+02
  0.66700481E+00 -0.26543469E+02
  0.67812156E+00 -0.26543143E+02
  0.68923830E+00 -0.26542812E+02
  0.70035505E+00 -0.26542476E+02
  0.71147180E+00 -0.26542137E+02
  0.72258854E+00 -0.26541794E+02
  0.73370529E+00 -0.26541449E+02
  0.74482204E+00 -0.26541102E+02
  0.75593878E+00 -0.26540754E+02
  0.76705553E+00 -0.26540405E+02
  0.77817228E+00 -0.26540057E+02
  0.78928902E+00 -0.26539711E+02
  0.80040577E+00 -0.26539367E+02
  0.81152252E+00 -0.26539025E+02
  0.82263927E+00 -0.26538688E+02
  0.83375601E+00 -0.26538355E+02
  0.84487276E+00 -0.26538027E+02
  0.85598951E+00 -0.26537705E+02
  0.86710625E+00 -0.26537391E+02
  0.87822300E+00 -0.26537084E+02
  0.88933975E+00 -0.26536785E+02
  0.90045649E+00 -0.26536496E+02
  0.91157324E+00 -0.26536217E+02
  0.92268999E+00 -0.26535948E+02
  0.93380673E+00 -0.26535691E+02
  0.94492348E+00 -0.26535445E+02
  0.95604023E+00 -0.26535213E+02
  0.96715697E+00 -0.26534993E+02
  0.97827372E+00 -0.26534788E+02
  0.98939047E+00 -0.26534597E+02
  0.10005072E+01 -0.26534421E+02
  0.10116240E+01 -0.26534260E+02
  0.10227407E+01 -0.26534115E+02
  0.10338575E+01 -0.26533986E+02
  0.10449742E+01 -0.26533873E+02
  0.10560909E+01 -0.26533777E+02
  0.10672077E+01 -0.26533699E+02
  0.10783244E+01 -0.26533637E+02
  0.10894412E+01 -0.26533593E+02
  0.11005579E+01 -0.26533567E+02
  0.11116747E+01 -0.26533558E+02
  0.11229043E+01 -0.26533550E+02
  0.11341339E+01 -0.26533525E+02
  0.11453635E+01 -0.26533485E+02
  0.11565931E+01 -0.26533428E+02
  0.11678227E+01 -0.26533356E+02
  0.11790523E+01 -0.26533269E+02
  0.11902820E+01 -0.26533167E+02
  0.12015116E+01 -0.26533051E+02
  0.12127412E+01 -0.26532922E+02
  0.12239708E+01 -0.26532780E+02
  0.12352004E+01 -0.26532627E+02
  0.12464300E+01 -0.26532463E+02
  0.12576596E+01 -0.26532289E+02
  0.12688892E+01 -0.26532107E+02
  0.12801188E+01 -0.26531916E+02
  0.12913484E+01 -0.26531719E+02
  0.13025781E+01 -0.26531517E+02
  0.13138077E+01 -0.26531310E+02
  0.13250373E+01 -0.26531099E+02
  0.13362669E+01 -0.26530887E+02
  0.13474965E+01 -0.26530673E+02
  0.13587261E+01 -0.26530459E+02
  0.13699557E+01 -0.26530246E+02
  0.13811853E+01 -0.26530036E+02
  0.13924149E+01 -0.26529828E+02
  0.14036445E+01 -0.26529625E+02
  0.14148742E+01 -0.26529427E+02
  0.14261038E+01 -0.26529235E+02
  0.14373334E+01 -0.26529050E+02
  0.14485630E+01 -0.26528873E+02
  0.14597926E+01 -0.26528704E+02
  0.14710222E+01 -0.26528545E+02
  0.14822518E+01 -0.26528397E+02
  0.14934814E+01 -0.26528259E+02
  0.15047110E+01 -0.26528133E+02
  0.15047110E+01 -0.26528133E+02
  0.15158347E+01 -0.26528021E+02
  0.15269584E+01 -0.26527921E+02
  0.15380820E+01 -0.26527834E+02
  0.15492057E+01 -0.26527761E+02
  0.15603294E+01 -0.26527701E+02
  0.15714531E+01 -0.26527656E+02
  0.15825767E+01 -0.26527626E+02
  0.15937004E+01 -0.26527611E+02
  0.16048241E+01 -0.26527611E+02
  0.16159477E+01 -0.26527626E+02
  0.16270714E+01 -0.26527657E+02
  0.16381951E+01 -0.26527704E+02
  0.16493188E+01 -0.26527766E+02
  0.16604424E+01 -0.26527844E+02
  0.16715661E+01 -0.26527937E+02
  0.16826898E+01 -0.26528046E+02
  0.16938134E+01 -0.26528170E+02
  0.17049371E+01 -0.26528310E+02
  0.17160608E+01 -0.26528464E+02
  0.17271844E+01 -0.26528632E+02
  0.17383081E+01 -0.26528815E+02
  0.17494318E+01 -0.26529011E+02
  0.17605555E+01 -0.26529221E+02
  0.17716791E+01 -0.26529443E+02
  0.17828028E+01 -0.26529678E+02
  0.17939265E+01 -0.26529924E+02
  0.18050501E+01 -0.26530182E+02
  0.18161738E+01 -0.26530450E+02
  0.18272975E+01 -0.26530728E+02
  0.18384211E+01 -0.26531015E+02
  0.18495448E+01 -0.26531311E+02
  0.18606685E+01 -0.26531614E+02
  0.18717922E+01 -0.26531924E+02
  0.18829158E+01 -0.26532241E+02
  0.18940395E+01 -0.26532564E+02
  0.19051632E+01 -0.26532891E+02
  0.19162868E+01 -0.26533223E+02
  0.19274105E+01 -0.26533560E+02
  0.19385342E+01 -0.26533901E+02
  0.19496579E+01 -0.26534250E+02
  0.19607815E+01 -0.26534623E+02
  0.19719052E+01 -0.26535089E+02
  0.19830289E+01 -0.26535636E+02
  0.19941525E+01 -0.26536197E+02
  0.20052762E+01 -0.26536756E+02
  0.20163999E+01 -0.26537310E+02
  0.20275235E+01 -0.26537857E+02
  0.20386472E+01 -0.26538396E+02
  0.20497709E+01 -0.26538925E+02
  0.20608946E+01 -0.26539443E+02
  0.20720182E+01 -0.26539951E+02
  0.20831419E+01 -0.26540448E+02
  0.20942656E+01 -0.26540931E+02
  0.21053892E+01 -0.26541402E+02
  0.21165129E+01 -0.26541860E+02
  0.21276366E+01 -0.26542303E+02
  0.21387602E+01 -0.26542732E+02
  0.21498839E+01 -0.26543146E+02
  0.21610076E+01 -0.26543545E+02
  0.21721313E+01 -0.26543929E+02
  0.21832549E+01 -0.26544297E+02
  0.21943786E+01 -0.26544649E+02
  0.22055023E+01 -0.26544985E+02
  0.22166259E+01 -0.26545306E+02
  0.22277496E+01 -0.26545610E+02
  0.22388733E+01 -0.26545898E+02
  0.22499970E+01 -0.26546170E+02
  0.22611206E+01 -0.26546427E+02
  0.22722443E+01 -0.26546668E+02
  0.22833680E+01 -0.26546894E+02
  0.22944916E+01 -0.26547105E+02
  0.23056153E+01 -0.26547301E+02
  0.23167390E+01 -0.26547483E+02
  0.23278626E+01 -0.26547650E+02
  0.23389863E+01 -0.26547805E+02
  0.23501100E+01 -0.26547946E+02
  0.23612337E+01 -0.26548075E+02
  0.23723573E+01 -0.26548191E+02
  0.23834810E+01 -0.26548296E+02
  0.23946047E+01 -0.26548390E+02
  0.24057283E+01 -0.26548474E+02
  0.24168520E+01 -0.26548548E+02
  0.24279757E+01 -0.26548613E+02
  0.24390993E+01 -0.26548669E+02
  0.24502230E+01 -0.26548718E+02
  0.24613467E+01 -0.26548759E+02
  0.24724704E+01 -0.26548793E+02
  0.24835940E+01 -0.26548822E+02
  0.24947177E+01 -0.26548844E+02
  0.25058414E+01 -0.26548862E+02
  0.25169650E+01 -0.26548876E+02
  0.25280887E+01 -0.26548886E+02
  0.25392124E+01 -0.26548893E+02
  0.25503361E+01 -0.26548897E+02
  0.25614597E+01 -0.26548899E+02
  0.25725834E+01 -0.26548899E+02
  0.25837071E+01 -0.26548897E+02
  0.25948307E+01 -0.26548895E+02
  0.26059544E+01 -0.26548892E+02
  0.26170781E+01 -0.26548889E+02
  0.26282017E+01 -0.26548886E+02
  0.26393254E+01 -0.26548883E+02
  0.26504491E+01 -0.26548881E+02
  0.26615728E+01 -0.26548879E+02
  0.26726964E+01 -0.26548878E+02
  0.26838201E+01 -0.26548877E+02
  0.26948861E+01 -0.26548877E+02
  0.27059520E+01 -0.26548878E+02
  0.27170180E+01 -0.26548878E+02
  0.27280839E+01 -0.26548879E+02
  0.27391499E+01 -0.26548879E+02
  0.27502159E+01 -0.26548879E+02
  0.27612818E+01 -0.26548879E+02
  0.27723478E+01 -0.26548878E+02
  0.27834137E+01 -0.26548876E+02
  0.27944797E+01 -0.26548873E+02
  0.28055457E+01 -0.26548868E+02
  0.28166116E+01 -0.26548861E+02
  0.28276776E+01 -0.26548852E+02
  0.28387435E+01 -0.26548840E+02
  0.28498095E+01 -0.26548826E+02
  0.28608755E+01 -0.26548807E+02
  0.28719414E+01 -0.26548785E+02
  0.28830074E+01 -0.26548758E+02
  0.28940733E+01 -0.26548726E+02
  0.29051393E+01 -0.26548689E+02
  0.29162053E+01 -0.26548647E+02
  0.29272712E+01 -0.26548598E+02
  0.29383372E+01 -0.26548542E+02
  0.29494031E+01 -0.26548479E+02
  0.29604691E+01 -0.26548408E+02
  0.29715351E+01 -0.26548330E+02
  0.29826010E+01 -0.26548243E+02
  0.29936670E+01 -0.26548147E+02
  0.30047329E+01 -0.26548042E+02
  0.30157989E+01 -0.26547928E+02
  0.30268649E+01 -0.26547804E+02
  0.30379308E+01 -0.26547670E+02
  0.30489968E+01 -0.26547525E+02
  0.30600627E+01 -0.26547371E+02
  0.30711287E+01 -0.26547206E+02
  0.30821947E+01 -0.26547030E+02
  0.30932606E+01 -0.26546843E+02
  0.31043266E+01 -0.26546646E+02
  0.31153925E+01 -0.26546438E+02
  0.31264585E+01 -0.26546220E+02
  0.31375245E+01 -0.26545991E+02
  0.31485904E+01 -0.26545752E+02
  0.31596564E+01 -0.26545502E+02
  0.31707223E+01 -0.26545244E+02
  0.31817883E+01 -0.26544975E+02
  0.31928543E+01 -0.26544698E+02
  0.32039202E+01 -0.26544412E+02
  0.32149862E+01 -0.26544119E+02
  0.32260521E+01 -0.26543817E+02
  0.32371181E+01 -0.26543509E+02
  0.32481841E+01 -0.26543194E+02
  0.32592500E+01 -0.26542874E+02
  0.32703160E+01 -0.26542548E+02
  0.32813819E+01 -0.26542219E+02
  0.32924479E+01 -0.26541885E+02
  0.33035139E+01 -0.26541550E+02
  0.33145798E+01 -0.26541212E+02
  0.33256458E+01 -0.26540873E+02
  0.33367117E+01 -0.26540535E+02
  0.33477777E+01 -0.26540197E+02
  0.33588437E+01 -0.26539861E+02
  0.33699096E+01 -0.26539527E+02
  0.33809756E+01 -0.26539197E+02
  0.33920415E+01 -0.26538871E+02
  0.34031075E+01 -0.26538551E+02
  0.34141735E+01 -0.26538238E+02
  0.34252394E+01 -0.26537931E+02
  0.34363054E+01 -0.26537633E+02
  0.34473713E+01 -0.26537344E+02
  0.34584373E+01 -0.26537065E+02
  0.34695033E+01 -0.26536797E+02
  0.34805692E+01 -0.26536540E+02
  0.34916352E+01 -0.26536296E+02
  0.35027011E+01 -0.26536065E+02
  0.35137671E+01 -0.26535849E+02
  0.35248331E+01 -0.26535646E+02
  0.35358990E+01 -0.26535460E+02
  0.35469650E+01 -0.26535289E+02
  0.35580309E+01 -0.26535134E+02
  0.35690969E+01 -0.26534997E+02
  0.35801629E+01 -0.26534877E+02
  0.35912288E+01 -0.26534774E+02
  0.36022948E+01 -0.26534690E+02
  0.36133607E+01 -0.26534625E+02
  0.36244267E+01 -0.26534577E+02
  0.36354927E+01 -0.26534549E+02
  0.36465586E+01 -0.26534540E+02
  0.36576301E+01 -0.26534531E+02
  0.36687015E+01 -0.26534505E+02
  0.36797730E+01 -0.26534462E+02
  0.36908444E+01 -0.26534403E+02
  0.37019158E+01 -0.26534327E+02
  0.37129873E+01 -0.26534235E+02
  0.37240587E+01 -0.26534128E+02
  0.37351302E+01 -0.26534007E+02
  0.37462016E+01 -0.26533873E+02
  0.37572731E+01 -0.26533725E+02
  0.37683445E+01 -0.26533567E+02
  0.37794160E+01 -0.26533398E+02
  0.37904874E+01 -0.26533219E+02
  0.38015589E+01 -0.26533033E+02
  0.38126303E+01 -0.26532839E+02
  0.38237018E+01 -0.26532639E+02
  0.38347732E+01 -0.26532434E+02
  0.38458447E+01 -0.26532223E+02
  0.38569161E+01 -0.26532009E+02
  0.38679875E+01 -0.26531790E+02
  0.38790590E+01 -0.26531567E+02
  0.38901304E+01 -0.26531340E+02
  0.39012019E+01 -0.26531109E+02
  0.39122733E+01 -0.26530875E+02
  0.39233448E+01 -0.26530637E+02
  0.39344162E+01 -0.26530396E+02
  0.39454877E+01 -0.26530152E+02
  0.39565591E+01 -0.26529904E+02
  0.39676306E+01 -0.26529653E+02
  0.39787020E+01 -0.26529400E+02
  0.39897735E+01 -0.26529144E+02
  0.40008449E+01 -0.26528886E+02
  0.40119163E+01 -0.26528626E+02
  0.40229878E+01 -0.26528365E+02
  0.40340592E+01 -0.26528104E+02
  0.40451307E+01 -0.26527841E+02
  0.40562021E+01 -0.26527579E+02
  0.40672736E+01 -0.26527317E+02
  0.40783450E+01 -0.26527055E+02
  0.40894165E+01 -0.26526795E+02
  0.41004879E+01 -0.26526536E+02
  0.41115594E+01 -0.26526279E+02
  0.41226308E+01 -0.26526024E+02
  0.41337023E+01 -0.26525771E+02
  0.41447737E+01 -0.26525522E+02
  0.41558452E+01 -0.26525275E+02
  0.41669166E+01 -0.26525032E+02
  0.41779880E+01 -0.26524793E+02
  0.41890595E+01 -0.26524559E+02
  0.42001309E+01 -0.26524330E+02
  0.42112024E+01 -0.26524106E+02
  0.42222738E+01 -0.26523889E+02
  0.42333453E+01 -0.26523678E+02
  0.42444167E+01 -0.26523474E+02
  0.42554882E+01 -0.26523278E+02
  0.42665596E+01 -0.26523091E+02
  0.42776311E+01 -0.26522912E+02
  0.42887025E+01 -0.26522743E+02
  0.42997740E+01 -0.26522584E+02
  0.43108454E+01 -0.26522436E+02
  0.43219169E+01 -0.26522298E+02
  0.43329883E+01 -0.26522172E+02
  0.43440597E+01 -0.26522059E+02
  0.43551312E+01 -0.26521957E+02
  0.43662026E+01 -0.26521869E+02
  0.43772741E+01 -0.26521793E+02
  0.43883455E+01 -0.26521731E+02
  0.43994170E+01 -0.26521682E+02
  0.44104884E+01 -0.26521648E+02
  0.44215599E+01 -0.26521627E+02
  0.44326313E+01 -0.26521620E+02
  0.44437481E+01 -0.26521753E+02
  0.44548648E+01 -0.26521989E+02
  0.44659816E+01 -0.26522249E+02
  0.44770983E+01 -0.26522521E+02
  0.44882151E+01 -0.26522802E+02
  0.44993318E+01 -0.26523090E+02
  0.45104485E+01 -0.26523386E+02
  0.45215653E+01 -0.26523687E+02
  0.45326820E+01 -0.26523994E+02
  0.45437988E+01 -0.26524306E+02
  0.45549155E+01 -0.26524622E+02
  0.45660323E+01 -0.26524942E+02
  0.45771490E+01 -0.26525265E+02
  0.45882658E+01 -0.26525590E+02
  0.45993825E+01 -0.26525918E+02
  0.46104993E+01 -0.26526246E+02
  0.46216160E+01 -0.26526576E+02
  0.46327328E+01 -0.26526905E+02
  0.46438495E+01 -0.26527233E+02
  0.46549663E+01 -0.26527561E+02
  0.46660830E+01 -0.26527886E+02
  0.46771997E+01 -0.26528208E+02
  0.46883165E+01 -0.26528527E+02
  0.46994332E+01 -0.26528842E+02
  0.47105500E+01 -0.26529152E+02
  0.47216667E+01 -0.26529456E+02
  0.47327835E+01 -0.26529754E+02
  0.47439002E+01 -0.26530045E+02
  0.47550170E+01 -0.26530329E+02
  0.47661337E+01 -0.26530604E+02
  0.47772505E+01 -0.26530870E+02
  0.47883672E+01 -0.26531127E+02
  0.47994840E+01 -0.26531374E+02
  0.48106007E+01 -0.26531610E+02
  0.48217175E+01 -0.26531835E+02
  0.48328342E+01 -0.26532048E+02
  0.48439510E+01 -0.26532249E+02
  0.48550677E+01 -0.26532437E+02
  0.48661844E+01 -0.26532611E+02
  0.48773012E+01 -0.26532772E+02
  0.48884179E+01 -0.26532919E+02
  0.48995347E+01 -0.26533051E+02
  0.49106514E+01 -0.26533169E+02
  0.49217682E+01 -0.26533271E+02
  0.49328849E+01 -0.26533359E+02
  0.49440017E+01 -0.26533430E+02
  0.49551184E+01 -0.26533486E+02
  0.49662352E+01 -0.26533526E+02
  0.49773519E+01 -0.26533550E+02
  0.49884687E+01 -0.26533558E+02
  
  0.00000000E+00 -0.26548877E+02
  0.11116747E-01 -0.26548873E+02
  0.22233494E-01 -0.26548861E+02
  0.33350240E-01 -0.26548841E+02
  0.44466987E-01 -0.26548813E+02
  0.55583734E-01 -0.26548776E+02
  0.66700481E-01 -0.26548731E+02
  0.77817228E-01 -0.26548678E+02
  0.88933975E-01 -0.26548616E+02
  0.10005072E+00 -0.26548546E+02
  0.11116747E+00 -0.26548468E+02
  0.12228422E+00 -0.26548380E+02
  0.13340096E+00 -0.26548284E+02
  0.14451771E+00 -0.26548179E+02
  0.15563446E+00 -0.26548064E+02
  0.16675120E+00 -0.26547940E+02
  0.17786795E+00 -0.26547807E+02
  0.18898470E+00 -0.26547665E+02
  0.20010144E+00 -0.26547512E+02
  0.21121819E+00 -0.26547350E+02
  0.22233494E+00 -0.26547177E+02
  0.23345168E+00 -0.26546995E+02
  0.24456843E+00 -0.26546802E+02
  0.25568518E+00 -0.26546598E+02
  0.26680192E+00 -0.26546384E+02
  0.27791867E+00 -0.26546159E+02
  0.28903542E+00 -0.26545923E+02
  0.30015216E+00 -0.26545677E+02
  0.31126891E+00 -0.26545419E+02
  0.32238566E+00 -0.26545149E+02
  0.33350240E+00 -0.26544869E+02
  0.34461915E+00 -0.26544577E+02
  0.35573590E+00 -0.26544274E+02
  0.36685265E+00 -0.26543960E+02
  0.37796939E+00 -0.26543634E+02
  0.38908614E+00 -0.26543296E+02
  0.40020289E+00 -0.26542948E+02
  0.41131963E+00 -0.26542588E+02
  0.42243638E+00 -0.26542217E+02
  0.43355313E+00 -0.26541835E+02
  0.44466987E+00 -0.26541442E+02
  0.45578662E+00 -0.26541038E+02
  0.46690337E+00 -0.26540624E+02
  0.47802011E+00 -0.26540200E+02
  0.48913686E+00 -0.26539765E+02
  0.50025361E+00 -0.26539321E+02
  0.51137035E+00 -0.26538868E+02
  0.52248710E+00 -0.26538405E+02
  0.53360385E+00 -0.26537934E+02
  0.54472059E+00 -0.26537455E+02
  0.55583734E+00 -0.26536967E+02
  0.56695409E+00 -0.26536473E+02
  0.57807084E+00 -0.26535971E+02
  0.58918758E+00 -0.26535464E+02
  0.60030433E+00 -0.26534950E+02
  0.61142108E+00 -0.26534431E+02
  0.62253782E+00 -0.26534004E+02
  0.63365457E+00 -0.26533777E+02
  0.64477132E+00 -0.26533532E+02
  0.65588806E+00 -0.26533269E+02
  0.66700481E+00 -0.26532989E+02
  0.67812156E+00 -0.26532692E+02
  0.68923830E+00 -0.26532381E+02
  0.70035505E+00 -0.26532055E+02
  0.71147180E+00 -0.26531716E+02
  0.72258854E+00 -0.26531365E+02
  0.73370529E+00 -0.26531002E+02
  0.74482204E+00 -0.26530630E+02
  0.75593878E+00 -0.26530249E+02
  0.76705553E+00 -0.26529861E+02
  0.77817228E+00 -0.26529466E+02
  0.78928902E+00 -0.26529067E+02
  0.80040577E+00 -0.26528664E+02
  0.81152252E+00 -0.26528260E+02
  0.82263927E+00 -0.26527854E+02
  0.83375601E+00 -0.26527450E+02
  0.84487276E+00 -0.26527047E+02
  0.85598951E+00 -0.26526648E+02
  0.86710625E+00 -0.26526254E+02
  0.87822300E+00 -0.26525866E+02
  0.88933975E+00 -0.26525486E+02
  0.90045649E+00 -0.26525114E+02
  0.91157324E+00 -0.26524753E+02
  0.92268999E+00 -0.26524404E+02
  0.93380673E+00 -0.26524067E+02
  0.94492348E+00 -0.26523744E+02
  0.95604023E+00 -0.26523437E+02
  0.96715697E+00 -0.26523145E+02
  0.97827372E+00 -0.26522871E+02
  0.98939047E+00 -0.26522615E+02
  0.10005072E+01 -0.26522378E+02
  0.10116240E+01 -0.26522160E+02
  0.10227407E+01 -0.26521964E+02
  0.10338575E+01 -0.26521789E+02
  0.10449742E+01 -0.26521636E+02
  0.10560909E+01 -0.26521506E+02
  0.10672077E+01 -0.26521399E+02
  0.10783244E+01 -0.26521315E+02
  0.10894412E+01 -0.26521255E+02
  0.11005579E+01 -0.26521218E+02
  0.11116747E+01 -0.26521206E+02
  0.11229043E+01 -0.26521197E+02
  0.11341339E+01 -0.26521168E+02
  0.11453635E+01 -0.26521121E+02
  0.11565931E+01 -0.26521055E+02
  0.11678227E+01 -0.26520970E+02
  0.11790523E+01 -0.26520867E+02
  0.11902820E+01 -0.26520745E+02
  0.12015116E+01 -0.26520606E+02
  0.12127412E+01 -0.26520450E+02
  0.12239708E+01 -0.26520277E+02
  0.12352004E+01 -0.26520088E+02
  0.12464300E+01 -0.26519883E+02
  0.12576596E+01 -0.26519663E+02
  0.12688892E+01 -0.26519429E+02
  0.12801188E+01 -0.26519181E+02
  0.12913484E+01 -0.26518921E+02
  0.13025781E+01 -0.26518649E+02
  0.13138077E+01 -0.26518366E+02
  0.13250373E+01 -0.26518074E+02
  0.13362669E+01 -0.26517773E+02
  0.13474965E+01 -0.26517656E+02
  0.13587261E+01 -0.26517681E+02
  0.13699557E+01 -0.26517711E+02
  0.13811853E+01 -0.26517747E+02
  0.13924149E+01 -0.26517788E+02
  0.14036445E+01 -0.26517836E+02
  0.14148742E+01 -0.26517890E+02
  0.14261038E+01 -0.26517951E+02
  0.14373334E+01 -0.26518020E+02
  0.14485630E+01 -0.26518097E+02
  0.14597926E+01 -0.26518182E+02
  0.14710222E+01 -0.26518276E+02
  0.14822518E+01 -0.26518379E+02
  0.14934814E+01 -0.26518491E+02
  0.15047110E+01 -0.26518613E+02
  0.15047110E+01 -0.26518613E+02
  0.15158347E+01 -0.26518743E+02
  0.15269584E+01 -0.26518884E+02
  0.15380820E+01 -0.26519035E+02
  0.15492057E+01 -0.26519197E+02
  0.15603294E+01 -0.26519369E+02
  0.15714531E+01 -0.26519553E+02
  0.15825767E+01 -0.26519747E+02
  0.15937004E+01 -0.26519953E+02
  0.16048241E+01 -0.26520171E+02
  0.16159477E+01 -0.26520400E+02
  0.16270714E+01 -0.26520640E+02
  0.16381951E+01 -0.26520892E+02
  0.16493188E+01 -0.26521155E+02
  0.16604424E+01 -0.26521430E+02
  0.16715661E+01 -0.26521716E+02
  0.16826898E+01 -0.26522014E+02
  0.16938134E+01 -0.26522323E+02
  0.17049371E+01 -0.26522642E+02
  0.17160608E+01 -0.26522973E+02
  0.17271844E+01 -0.26523314E+02
  0.17383081E+01 -0.26523665E+02
  0.17494318E+01 -0.26524027E+02
  0.17605555E+01 -0.26524398E+02
  0.17716791E+01 -0.26524857E+02
  0.17828028E+01 -0.26525364E+02
  0.17939265E+01 -0.26525883E+02
  0.18050501E+01 -0.26526413E+02
  0.18161738E+01 -0.26526953E+02
  0.18272975E+01 -0.26527501E+02
  0.18384211E+01 -0.26528058E+02
  0.18495448E+01 -0.26528622E+02
  0.18606685E+01 -0.26529192E+02
  0.18717922E+01 -0.26529768E+02
  0.18829158E+01 -0.26530347E+02
  0.18940395E+01 -0.26530930E+02
  0.19051632E+01 -0.26531515E+02
  0.19162868E+01 -0.26532101E+02
  0.19274105E+01 -0.26532686E+02
  0.19385342E+01 -0.26533269E+02
  0.19496579E+01 -0.26533845E+02
  0.19607815E+01 -0.26534394E+02
  0.19719052E+01 -0.26534848E+02
  0.19830289E+01 -0.26535217E+02
  0.19941525E+01 -0.26535566E+02
  0.20052762E+01 -0.26535909E+02
  0.20163999E+01 -0.26536249E+02
  0.20275235E+01 -0.26536586E+02
  0.20386472E+01 -0.26536921E+02
  0.20497709E+01 -0.26537252E+02
  0.20608946E+01 -0.26537581E+02
  0.20720182E+01 -0.26537907E+02
  0.20831419E+01 -0.26538230E+02
  0.20942656E+01 -0.26538550E+02
  0.21053892E+01 -0.26538867E+02
  0.21165129E+01 -0.26539181E+02
  0.21276366E+01 -0.26539493E+02
  0.21387602E+01 -0.26539801E+02
  0.21498839E+01 -0.26540107E+02
  0.21610076E+01 -0.26540411E+02
  0.21721313E+01 -0.26540712E+02
  0.21832549E+01 -0.26541032E+02
  0.21943786E+01 -0.26541405E+02
  0.22055023E+01 -0.26541770E+02
  0.22166259E+01 -0.26542125E+02
  0.22277496E+01 -0.26542471E+02
  0.22388733E+01 -0.26542808E+02
  0.22499970E+01 -0.26543136E+02
  0.22611206E+01 -0.26543454E+02
  0.22722443E+01 -0.26543762E+02
  0.22833680E+01 -0.26544060E+02
  0.22944916E+01 -0.26544349E+02
  0.23056153E+01 -0.26544628E+02
  0.23167390E+01 -0.26544897E+02
  0.23278626E+01 -0.26545156E+02
  0.23389863E+01 -0.26545405E+02
  0.23501100E+01 -0.26545645E+02
  0.23612337E+01 -0.26545874E+02
  0.23723573E+01 -0.26546095E+02
  0.23834810E+01 -0.26546305E+02
  0.23946047E+01 -0.26546506E+02
  0.24057283E+01 -0.26546698E+02
  0.24168520E+01 -0.26546881E+02
  0.24279757E+01 -0.26547055E+02
  0.24390993E+01 -0.26547219E+02
  0.24502230E+01 -0.26547375E+02
  0.24613467E+01 -0.26547522E+02
  0.24724704E+01 -0.26547661E+02
  0.24835940E+01 -0.26547791E+02
  0.24947177E+01 -0.26547914E+02
  0.25058414E+01 -0.26548028E+02
  0.25169650E+01 -0.26548134E+02
  0.25280887E+01 -0.26548233E+02
  0.25392124E+01 -0.26548324E+02
  0.25503361E+01 -0.26548408E+02
  0.25614597E+01 -0.26548484E+02
  0.25725834E+01 -0.26548554E+02
  0.25837071E+01 -0.26548616E+02
  0.25948307E+01 -0.26548671E+02
  0.26059544E+01 -0.26548720E+02
  0.26170781E+01 -0.26548762E+02
  0.26282017E+01 -0.26548797E+02
  0.26393254E+01 -0.26548826E+02
  0.26504491E+01 -0.26548849E+02
  0.26615728E+01 -0.26548865E+02
  0.26726964E+01 -0.26548874E+02
  0.26838201E+01 -0.26548877E+02
  0.26948861E+01 -0.26548874E+02
  0.27059520E+01 -0.26548864E+02
  0.27170180E+01 -0.26548846E+02
  0.27280839E+01 -0.26548822E+02
  0.27391499E+01 -0.26548791E+02
  0.27502159E+01 -0.26548753E+02
  0.27612818E+01 -0.26548708E+02
  0.27723478E+01 -0.26548655E+02
  0.27834137E+01 -0.26548595E+02
  0.27944797E+01 -0.26548528E+02
  0.28055457E+01 -0.26548454E+02
  0.28166116E+01 -0.26548371E+02
  0.28276776E+01 -0.26548281E+02
  0.28387435E+01 -0.26548184E+02
  0.28498095E+01 -0.26548078E+02
  0.28608755E+01 -0.26547964E+02
  0.28719414E+01 -0.26547842E+02
  0.28830074E+01 -0.26547712E+02
  0.28940733E+01 -0.26547573E+02
  0.29051393E+01 -0.26547427E+02
  0.29162053E+01 -0.26547271E+02
  0.29272712E+01 -0.26547108E+02
  0.29383372E+01 -0.26546936E+02
  0.29494031E+01 -0.26546755E+02
  0.29604691E+01 -0.26546567E+02
  0.29715351E+01 -0.26546370E+02
  0.29826010E+01 -0.26546164E+02
  0.29936670E+01 -0.26545951E+02
  0.30047329E+01 -0.26545731E+02
  0.30157989E+01 -0.26545502E+02
  0.30268649E+01 -0.26545267E+02
  0.30379308E+01 -0.26545025E+02
  0.30489968E+01 -0.26544776E+02
  0.30600627E+01 -0.26544521E+02
  0.30711287E+01 -0.26544261E+02
  0.30821947E+01 -0.26543995E+02
  0.30932606E+01 -0.26543724E+02
  0.31043266E+01 -0.26543450E+02
  0.31153925E+01 -0.26543171E+02
  0.31264585E+01 -0.26542889E+02
  0.31375245E+01 -0.26542605E+02
  0.31485904E+01 -0.26542319E+02
  0.31596564E+01 -0.26542030E+02
  0.31707223E+01 -0.26541741E+02
  0.31817883E+01 -0.26541450E+02
  0.31928543E+01 -0.26541159E+02
  0.32039202E+01 -0.26540868E+02
  0.32149862E+01 -0.26540576E+02
  0.32260521E+01 -0.26540285E+02
  0.32371181E+01 -0.26539994E+02
  0.32481841E+01 -0.26539704E+02
  0.32592500E+01 -0.26539415E+02
  0.32703160E+01 -0.26539127E+02
  0.32813819E+01 -0.26538840E+02
  0.32924479E+01 -0.26538554E+02
  0.33035139E+01 -0.26538269E+02
  0.33145798E+01 -0.26537987E+02
  0.33256458E+01 -0.26537706E+02
  0.33367117E+01 -0.26537428E+02
  0.33477777E+01 -0.26537152E+02
  0.33588437E+01 -0.26536880E+02
  0.33699096E+01 -0.26536611E+02
  0.33809756E+01 -0.26536346E+02
  0.33920415E+01 -0.26536085E+02
  0.34031075E+01 -0.26535830E+02
  0.34141735E+01 -0.26535580E+02
  0.34252394E+01 -0.26535336E+02
  0.34363054E+01 -0.26535099E+02
  0.34473713E+01 -0.26534869E+02
  0.34584373E+01 -0.26534648E+02
  0.34695033E+01 -0.26534435E+02
  0.34805692E+01 -0.26534231E+02
  0.34916352E+01 -0.26534037E+02
  0.35027011E+01 -0.26533853E+02
  0.35137671E+01 -0.26533681E+02
  0.35248331E+01 -0.26533520E+02
  0.35358990E+01 -0.26533372E+02
  0.35469650E+01 -0.26533235E+02
  0.35580309E+01 -0.26533112E+02
  0.35690969E+01 -0.26533003E+02
  0.35801629E+01 -0.26532907E+02
  0.35912288E+01 -0.26532825E+02
  0.36022948E+01 -0.26532758E+02
  0.36133607E+01 -0.26532706E+02
  0.36244267E+01 -0.26532668E+02
  0.36354927E+01 -0.26532645E+02
  0.36465586E+01 -0.26532638E+02
  0.36576301E+01 -0.26532633E+02
  0.36687015E+01 -0.26532620E+02
  0.36797730E+01 -0.26532598E+02
  0.36908444E+01 -0.26532568E+02
  0.37019158E+01 -0.26532528E+02
  0.37129873E+01 -0.26532480E+02
  0.37240587E+01 -0.26532423E+02
  0.37351302E+01 -0.26532358E+02
  0.37462016E+01 -0.26532284E+02
  0.37572731E+01 -0.26532202E+02
  0.37683445E+01 -0.26532111E+02
  0.37794160E+01 -0.26532012E+02
  0.37904874E+01 -0.26531905E+02
  0.38015589E+01 -0.26531790E+02
  0.38126303E+01 -0.26531667E+02
  0.38237018E+01 -0.26531536E+02
  0.38347732E+01 -0.26531397E+02
  0.38458447E+01 -0.26531251E+02
  0.38569161E+01 -0.26531098E+02
  0.38679875E+01 -0.26530937E+02
  0.38790590E+01 -0.26530769E+02
  0.38901304E+01 -0.26530594E+02
  0.39012019E+01 -0.26530413E+02
  0.39122733E+01 -0.26530225E+02
  0.39233448E+01 -0.26530031E+02
  0.39344162E+01 -0.26529830E+02
  0.39454877E+01 -0.26529624E+02
  0.39565591E+01 -0.26529413E+02
  0.39676306E+01 -0.26529196E+02
  0.39787020E+01 -0.26528973E+02
  0.39897735E+01 -0.26528747E+02
  0.40008449E+01 -0.26528515E+02
  0.40119163E+01 -0.26528279E+02
  0.40229878E+01 -0.26528039E+02
  0.40340592E+01 -0.26527796E+02
  0.40451307E+01 -0.26527549E+02
  0.40562021E+01 -0.26527299E+02
  0.40672736E+01 -0.26527047E+02
  0.40783450E+01 -0.26526792E+02
  0.40894165E+01 -0.26526536E+02
  0.41004879E+01 -0.26526279E+02
  0.41115594E+01 -0.26526022E+02
  0.41226308E+01 -0.26525766E+02
  0.41337023E+01 -0.26525510E+02
  0.41447737E+01 -0.26525256E+02
  0.41558452E+01 -0.26525005E+02
  0.41669166E+01 -0.26524756E+02
  0.41779880E+01 -0.26524512E+02
  0.41890595E+01 -0.26524272E+02
  0.42001309E+01 -0.26524037E+02
  0.42112024E+01 -0.26523808E+02
  0.42222738E+01 -0.26523585E+02
  0.42333453E+01 -0.26523369E+02
  0.42444167E+01 -0.26523160E+02
  0.42554882E+01 -0.26522960E+02
  0.42665596E+01 -0.26522768E+02
  0.42776311E+01 -0.26522585E+02
  0.42887025E+01 -0.26522413E+02
  0.42997740E+01 -0.26522250E+02
  0.43108454E+01 -0.26522098E+02
  0.43219169E+01 -0.26521958E+02
  0.43329883E+01 -0.26521829E+02
  0.43440597E+01 -0.26521713E+02
  0.43551312E+01 -0.26521609E+02
  0.43662026E+01 -0.26521518E+02
  0.43772741E+01 -0.26521441E+02
  0.43883455E+01 -0.26521377E+02
  0.43994170E+01 -0.26521327E+02
  0.44104884E+01 -0.26521291E+02
  0.44215599E+01 -0.26521270E+02
  0.44326313E+01 -0.26521263E+02
  0.44437481E+01 -0.26521138E+02
  0.44548648E+01 -0.26520926E+02
  0.44659816E+01 -0.26520707E+02
  0.44770983E+01 -0.26520492E+02
  0.44882151E+01 -0.26520283E+02
  0.44993318E+01 -0.26520083E+02
  0.45104485E+01 -0.26519891E+02
  0.45215653E+01 -0.26519708E+02
  0.45326820E+01 -0.26519534E+02
  0.45437988E+01 -0.26519369E+02
  0.45549155E+01 -0.26519212E+02
  0.45660323E+01 -0.26519065E+02
  0.45771490E+01 -0.26518926E+02
  0.45882658E+01 -0.26518796E+02
  0.45993825E+01 -0.26518674E+02
  0.46104993E+01 -0.26518561E+02
  0.46216160E+01 -0.26518456E+02
  0.46327328E+01 -0.26518359E+02
  0.46438495E+01 -0.26518269E+02
  0.46549663E+01 -0.26518187E+02
  0.46660830E+01 -0.26518112E+02
  0.46771997E+01 -0.26518044E+02
  0.46883165E+01 -0.26517983E+02
  0.46994332E+01 -0.26517927E+02
  0.47105500E+01 -0.26517878E+02
  0.47216667E+01 -0.26517834E+02
  0.47327835E+01 -0.26517795E+02
  0.47439002E+01 -0.26517762E+02
  0.47550170E+01 -0.26517732E+02
  0.47661337E+01 -0.26517935E+02
  0.47772505E+01 -0.26518216E+02
  0.47883672E+01 -0.26518489E+02
  0.47994840E+01 -0.26518754E+02
  0.48106007E+01 -0.26519011E+02
  0.48217175E+01 -0.26519257E+02
  0.48328342E+01 -0.26519492E+02
  0.48439510E+01 -0.26519715E+02
  0.48550677E+01 -0.26519925E+02
  0.48661844E+01 -0.26520121E+02
  0.48773012E+01 -0.26520304E+02
  0.48884179E+01 -0.26520470E+02
  0.48995347E+01 -0.26520622E+02
  0.49106514E+01 -0.26520757E+02
  0.49217682E+01 -0.26520874E+02
  0.49328849E+01 -0.26520975E+02
  0.49440017E+01 -0.26521058E+02
  0.49551184E+01 -0.26521123E+02
  0.49662352E+01 -0.26521169E+02
  0.49773519E+01 -0.26521197E+02
  0.49884687E+01 -0.26521206E+02
  
  0.00000000E+00 -0.26548877E+02
  0.11116747E-01 -0.26548873E+02
  0.22233494E-01 -0.26548861E+02
  0.33350240E-01 -0.26548841E+02
  0.44466987E-01 -0.26548813E+02
  0.55583734E-01 -0.26548776E+02
  0.66700481E-01 -0.26548731E+02
  0.77817228E-01 -0.26548678E+02
  0.88933975E-01 -0.26548616E+02
  0.10005072E+00 -0.26548546E+02
  0.11116747E+00 -0.26548468E+02
  0.12228422E+00 -0.26548380E+02
  0.13340096E+00 -0.26548284E+02
  0.14451771E+00 -0.26548179E+02
  0.15563446E+00 -0.26548064E+02
  0.16675120E+00 -0.26547940E+02
  0.17786795E+00 -0.26547807E+02
  0.18898470E+00 -0.26547665E+02
  0.20010144E+00 -0.26547512E+02
  0.21121819E+00 -0.26547350E+02
  0.22233494E+00 -0.26547177E+02
  0.23345168E+00 -0.26546995E+02
  0.24456843E+00 -0.26546802E+02
  0.25568518E+00 -0.26546598E+02
  0.26680192E+00 -0.26546384E+02
  0.27791867E+00 -0.26546159E+02
  0.28903542E+00 -0.26545923E+02
  0.30015216E+00 -0.26545677E+02
  0.31126891E+00 -0.26545419E+02
  0.32238566E+00 -0.26545149E+02
  0.33350240E+00 -0.26544869E+02
  0.34461915E+00 -0.26544577E+02
  0.35573590E+00 -0.26544274E+02
  0.36685265E+00 -0.26543960E+02
  0.37796939E+00 -0.26543634E+02
  0.38908614E+00 -0.26543296E+02
  0.40020289E+00 -0.26542948E+02
  0.41131963E+00 -0.26542588E+02
  0.42243638E+00 -0.26542217E+02
  0.43355313E+00 -0.26541835E+02
  0.44466987E+00 -0.26541442E+02
  0.45578662E+00 -0.26541038E+02
  0.46690337E+00 -0.26540624E+02
  0.47802011E+00 -0.26540200E+02
  0.48913686E+00 -0.26539765E+02
  0.50025361E+00 -0.26539321E+02
  0.51137035E+00 -0.26538868E+02
  0.52248710E+00 -0.26538405E+02
  0.53360385E+00 -0.26537934E+02
  0.54472059E+00 -0.26537455E+02
  0.55583734E+00 -0.26536967E+02
  0.56695409E+00 -0.26536473E+02
  0.57807084E+00 -0.26535971E+02
  0.58918758E+00 -0.26535464E+02
  0.60030433E+00 -0.26534950E+02
  0.61142108E+00 -0.26534431E+02
  0.62253782E+00 -0.26533908E+02
  0.63365457E+00 -0.26533381E+02
  0.64477132E+00 -0.26532851E+02
  0.65588806E+00 -0.26532317E+02
  0.66700481E+00 -0.26531783E+02
  0.67812156E+00 -0.26531246E+02
  0.68923830E+00 -0.26530710E+02
  0.70035505E+00 -0.26530174E+02
  0.71147180E+00 -0.26529639E+02
  0.72258854E+00 -0.26529105E+02
  0.73370529E+00 -0.26528575E+02
  0.74482204E+00 -0.26528048E+02
  0.75593878E+00 -0.26527525E+02
  0.76705553E+00 -0.26527007E+02
  0.77817228E+00 -0.26526496E+02
  0.78928902E+00 -0.26525991E+02
  0.80040577E+00 -0.26525494E+02
  0.81152252E+00 -0.26525005E+02
  0.82263927E+00 -0.26524526E+02
  0.83375601E+00 -0.26524056E+02
  0.84487276E+00 -0.26523598E+02
  0.85598951E+00 -0.26523151E+02
  0.86710625E+00 -0.26522717E+02
  0.87822300E+00 -0.26522296E+02
  0.88933975E+00 -0.26521889E+02
  0.90045649E+00 -0.26521497E+02
  0.91157324E+00 -0.26521120E+02
  0.92268999E+00 -0.26520759E+02
  0.93380673E+00 -0.26520415E+02
  0.94492348E+00 -0.26520089E+02
  0.95604023E+00 -0.26519781E+02
  0.96715697E+00 -0.26519491E+02
  0.97827372E+00 -0.26519220E+02
  0.98939047E+00 -0.26518970E+02
  0.10005072E+01 -0.26518739E+02
  0.10116240E+01 -0.26518529E+02
  0.10227407E+01 -0.26518340E+02
  0.10338575E+01 -0.26518172E+02
  0.10449742E+01 -0.26518026E+02
  0.10560909E+01 -0.26517902E+02
  0.10672077E+01 -0.26517801E+02
  0.10783244E+01 -0.26517721E+02
  0.10894412E+01 -0.26517664E+02
  0.11005579E+01 -0.26517630E+02
  0.11116747E+01 -0.26517619E+02
  0.11229043E+01 -0.26517619E+02
  0.11341339E+01 -0.26517617E+02
  0.11453635E+01 -0.26517615E+02
  0.11565931E+01 -0.26517613E+02
  0.11678227E+01 -0.26517609E+02
  0.11790523E+01 -0.26517606E+02
  0.11902820E+01 -0.26517602E+02
  0.12015116E+01 -0.26517597E+02
  0.12127412E+01 -0.26517593E+02
  0.12239708E+01 -0.26517590E+02
  0.12352004E+01 -0.26517586E+02
  0.12464300E+01 -0.26517584E+02
  0.12576596E+01 -0.26517583E+02
  0.12688892E+01 -0.26517583E+02
  0.12801188E+01 -0.26517585E+02
  0.12913484E+01 -0.26517589E+02
  0.13025781E+01 -0.26517596E+02
  0.13138077E+01 -0.26517605E+02
  0.13250373E+01 -0.26517618E+02
  0.13362669E+01 -0.26517635E+02
  0.13474965E+01 -0.26517465E+02
  0.13587261E+01 -0.26517151E+02
  0.13699557E+01 -0.26516869E+02
  0.13811853E+01 -0.26516851E+02
  0.13924149E+01 -0.26516843E+02
  0.14036445E+01 -0.26516844E+02
  0.14148742E+01 -0.26516854E+02
  0.14261038E+01 -0.26516873E+02
  0.14373334E+01 -0.26516903E+02
  0.14485630E+01 -0.26516944E+02
  0.14597926E+01 -0.26516997E+02
  0.14710222E+01 -0.26517063E+02
  0.14822518E+01 -0.26517143E+02
  0.14934814E+01 -0.26517236E+02
  0.15047110E+01 -0.26517344E+02
  0.15047110E+01 -0.26517344E+02
  0.15158347E+01 -0.26517466E+02
  0.15269584E+01 -0.26517603E+02
  0.15380820E+01 -0.26517756E+02
  0.15492057E+01 -0.26517925E+02
  0.15603294E+01 -0.26518110E+02
  0.15714531E+01 -0.26518312E+02
  0.15825767E+01 -0.26518532E+02
  0.15937004E+01 -0.26518769E+02
  0.16048241E+01 -0.26519023E+02
  0.16159477E+01 -0.26519295E+02
  0.16270714E+01 -0.26519584E+02
  0.16381951E+01 -0.26519891E+02
  0.16493188E+01 -0.26520215E+02
  0.16604424E+01 -0.26520557E+02
  0.16715661E+01 -0.26520916E+02
  0.16826898E+01 -0.26521291E+02
  0.16938134E+01 -0.26521683E+02
  0.17049371E+01 -0.26522092E+02
  0.17160608E+01 -0.26522516E+02
  0.17271844E+01 -0.26522956E+02
  0.17383081E+01 -0.26523410E+02
  0.17494318E+01 -0.26523879E+02
  0.17605555E+01 -0.26524361E+02
  0.17716791E+01 -0.26524778E+02
  0.17828028E+01 -0.26525168E+02
  0.17939265E+01 -0.26525566E+02
  0.18050501E+01 -0.26525973E+02
  0.18161738E+01 -0.26526387E+02
  0.18272975E+01 -0.26526809E+02
  0.18384211E+01 -0.26527237E+02
  0.18495448E+01 -0.26527672E+02
  0.18606685E+01 -0.26528113E+02
  0.18717922E+01 -0.26528559E+02
  0.18829158E+01 -0.26529010E+02
  0.18940395E+01 -0.26529466E+02
  0.19051632E+01 -0.26529925E+02
  0.19162868E+01 -0.26530387E+02
  0.19274105E+01 -0.26530852E+02
  0.19385342E+01 -0.26531320E+02
  0.19496579E+01 -0.26531788E+02
  0.19607815E+01 -0.26532258E+02
  0.19719052E+01 -0.26532728E+02
  0.19830289E+01 -0.26533198E+02
  0.19941525E+01 -0.26533667E+02
  0.20052762E+01 -0.26534134E+02
  0.20163999E+01 -0.26534600E+02
  0.20275235E+01 -0.26535064E+02
  0.20386472E+01 -0.26535524E+02
  0.20497709E+01 -0.26535981E+02
  0.20608946E+01 -0.26536434E+02
  0.20720182E+01 -0.26536883E+02
  0.20831419E+01 -0.26537327E+02
  0.20942656E+01 -0.26537765E+02
  0.21053892E+01 -0.26538198E+02
  0.21165129E+01 -0.26538624E+02
  0.21276366E+01 -0.26539044E+02
  0.21387602E+01 -0.26539457E+02
  0.21498839E+01 -0.26539863E+02
  0.21610076E+01 -0.26540261E+02
  0.21721313E+01 -0.26540650E+02
  0.21832549E+01 -0.26541011E+02
  0.21943786E+01 -0.26541308E+02
  0.22055023E+01 -0.26541603E+02
  0.22166259E+01 -0.26541895E+02
  0.22277496E+01 -0.26542186E+02
  0.22388733E+01 -0.26542474E+02
  0.22499970E+01 -0.26542759E+02
  0.22611206E+01 -0.26543041E+02
  0.22722443E+01 -0.26543320E+02
  0.22833680E+01 -0.26543596E+02
  0.22944916E+01 -0.26543868E+02
  0.23056153E+01 -0.26544135E+02
  0.23167390E+01 -0.26544398E+02
  0.23278626E+01 -0.26544656E+02
  0.23389863E+01 -0.26544908E+02
  0.23501100E+01 -0.26545154E+02
  0.23612337E+01 -0.26545394E+02
  0.23723573E+01 -0.26545627E+02
  0.23834810E+01 -0.26545854E+02
  0.23946047E+01 -0.26546073E+02
  0.24057283E+01 -0.26546285E+02
  0.24168520E+01 -0.26546489E+02
  0.24279757E+01 -0.26546685E+02
  0.24390993E+01 -0.26546873E+02
  0.24502230E+01 -0.26547053E+02
  0.24613467E+01 -0.26547224E+02
  0.24724704E+01 -0.26547387E+02
  0.24835940E+01 -0.26547542E+02
  0.24947177E+01 -0.26547687E+02
  0.25058414E+01 -0.26547825E+02
  0.25169650E+01 -0.26547954E+02
  0.25280887E+01 -0.26548074E+02
  0.25392124E+01 -0.26548186E+02
  0.25503361E+01 -0.26548289E+02
  0.25614597E+01 -0.26548383E+02
  0.25725834E+01 -0.26548470E+02
  0.25837071E+01 -0.26548548E+02
  0.25948307E+01 -0.26548617E+02
  0.26059544E+01 -0.26548678E+02
  0.26170781E+01 -0.26548731E+02
  0.26282017E+01 -0.26548776E+02
  0.26393254E+01 -0.26548812E+02
  0.26504491E+01 -0.26548841E+02
  0.26615728E+01 -0.26548861E+02
  0.26726964E+01 -0.26548873E+02
  0.26838201E+01 -0.26548877E+02
  0.26948861E+01 -0.26548874E+02
  0.27059520E+01 -0.26548864E+02
  0.27170180E+01 -0.26548846E+02
  0.27280839E+01 -0.26548822E+02
  0.27391499E+01 -0.26548791E+02
  0.27502159E+01 -0.26548753E+02
  0.27612818E+01 -0.26548708E+02
  0.27723478E+01 -0.26548655E+02
  0.27834137E+01 -0.26548595E+02
  0.27944797E+01 -0.26548528E+02
  0.28055457E+01 -0.26548454E+02
  0.28166116E+01 -0.26548371E+02
  0.28276776E+01 -0.26548281E+02
  0.28387435E+01 -0.26548184E+02
  0.28498095E+01 -0.26548078E+02
  0.28608755E+01 -0.26547964E+02
  0.28719414E+01 -0.26547842E+02
  0.28830074E+01 -0.26547712E+02
  0.28940733E+01 -0.26547573E+02
  0.29051393E+01 -0.26547427E+02
  0.29162053E+01 -0.26547271E+02
  0.29272712E+01 -0.26547108E+02
  0.29383372E+01 -0.26546936E+02
  0.29494031E+01 -0.26546755E+02
  0.29604691E+01 -0.26546567E+02
  0.29715351E+01 -0.26546370E+02
  0.29826010E+01 -0.26546164E+02
  0.29936670E+01 -0.26545951E+02
  0.30047329E+01 -0.26545731E+02
  0.30157989E+01 -0.26545502E+02
  0.30268649E+01 -0.26545267E+02
  0.30379308E+01 -0.26545025E+02
  0.30489968E+01 -0.26544776E+02
  0.30600627E+01 -0.26544521E+02
  0.30711287E+01 -0.26544261E+02
  0.30821947E+01 -0.26543995E+02
  0.30932606E+01 -0.26543724E+02
  0.31043266E+01 -0.26543450E+02
  0.31153925E+01 -0.26543171E+02
  0.31264585E+01 -0.26542889E+02
  0.31375245E+01 -0.26542605E+02
  0.31485904E+01 -0.26542319E+02
  0.31596564E+01 -0.26542030E+02
  0.31707223E+01 -0.26541741E+02
  0.31817883E+01 -0.26541450E+02
  0.31928543E+01 -0.26541159E+02
  0.32039202E+01 -0.26540868E+02
  0.32149862E+01 -0.26540576E+02
  0.32260521E+01 -0.26540285E+02
  0.32371181E+01 -0.26539994E+02
  0.32481841E+01 -0.26539704E+02
  0.32592500E+01 -0.26539415E+02
  0.32703160E+01 -0.26539127E+02
  0.32813819E+01 -0.26538840E+02
  0.32924479E+01 -0.26538554E+02
  0.33035139E+01 -0.26538269E+02
  0.33145798E+01 -0.26537987E+02
  0.33256458E+01 -0.26537706E+02
  0.33367117E+01 -0.26537428E+02
  0.33477777E+01 -0.26537152E+02
  0.33588437E+01 -0.26536880E+02
  0.33699096E+01 -0.26536611E+02
  0.33809756E+01 -0.26536346E+02
  0.33920415E+01 -0.26536085E+02
  0.34031075E+01 -0.26535830E+02
  0.34141735E+01 -0.26535580E+02
  0.34252394E+01 -0.26535336E+02
  0.34363054E+01 -0.26535099E+02
  0.34473713E+01 -0.26534869E+02
  0.34584373E+01 -0.26534648E+02
  0.34695033E+01 -0.26534435E+02
  0.34805692E+01 -0.26534231E+02
  0.34916352E+01 -0.26534037E+02
  0.35027011E+01 -0.26533853E+02
  0.35137671E+01 -0.26533681E+02
  0.35248331E+01 -0.26533520E+02
  0.35358990E+01 -0.26533372E+02
  0.35469650E+01 -0.26533235E+02
  0.35580309E+01 -0.26533112E+02
  0.35690969E+01 -0.26533003E+02
  0.35801629E+01 -0.26532907E+02
  0.35912288E+01 -0.26532825E+02
  0.36022948E+01 -0.26532758E+02
  0.36133607E+01 -0.26532706E+02
  0.36244267E+01 -0.26532668E+02
  0.36354927E+01 -0.26532645E+02
  0.36465586E+01 -0.26532638E+02
  0.36576301E+01 -0.26532631E+02
  0.36687015E+01 -0.26532611E+02
  0.36797730E+01 -0.26532577E+02
  0.36908444E+01 -0.26532529E+02
  0.37019158E+01 -0.26532467E+02
  0.37129873E+01 -0.26532391E+02
  0.37240587E+01 -0.26532300E+02
  0.37351302E+01 -0.26532194E+02
  0.37462016E+01 -0.26532074E+02
  0.37572731E+01 -0.26531937E+02
  0.37683445E+01 -0.26531784E+02
  0.37794160E+01 -0.26531614E+02
  0.37904874E+01 -0.26531427E+02
  0.38015589E+01 -0.26531223E+02
  0.38126303E+01 -0.26531001E+02
  0.38237018E+01 -0.26530761E+02
  0.38347732E+01 -0.26530504E+02
  0.38458447E+01 -0.26530229E+02
  0.38569161E+01 -0.26529938E+02
  0.38679875E+01 -0.26529630E+02
  0.38790590E+01 -0.26529308E+02
  0.38901304E+01 -0.26528971E+02
  0.39012019E+01 -0.26528622E+02
  0.39122733E+01 -0.26528260E+02
  0.39233448E+01 -0.26527887E+02
  0.39344162E+01 -0.26527505E+02
  0.39454877E+01 -0.26527114E+02
  0.39565591E+01 -0.26526716E+02
  0.39676306E+01 -0.26526312E+02
  0.39787020E+01 -0.26525902E+02
  0.39897735E+01 -0.26525489E+02
  0.40008449E+01 -0.26525072E+02
  0.40119163E+01 -0.26524653E+02
  0.40229878E+01 -0.26524234E+02
  0.40340592E+01 -0.26523815E+02
  0.40451307E+01 -0.26523396E+02
  0.40562021E+01 -0.26522980E+02
  0.40672736E+01 -0.26522567E+02
  0.40783450E+01 -0.26522157E+02
  0.40894165E+01 -0.26521753E+02
  0.41004879E+01 -0.26521354E+02
  0.41115594E+01 -0.26520962E+02
  0.41226308E+01 -0.26520577E+02
  0.41337023E+01 -0.26520200E+02
  0.41447737E+01 -0.26519832E+02
  0.41558452E+01 -0.26519474E+02
  0.41669166E+01 -0.26519125E+02
  0.41779880E+01 -0.26518788E+02
  0.41890595E+01 -0.26518462E+02
  0.42001309E+01 -0.26518148E+02
  0.42112024E+01 -0.26517847E+02
  0.42222738E+01 -0.26517559E+02
  0.42333453E+01 -0.26517284E+02
  0.42444167E+01 -0.26517023E+02
  0.42554882E+01 -0.26516777E+02
  0.42665596E+01 -0.26516544E+02
  0.42776311E+01 -0.26516326E+02
  0.42887025E+01 -0.26516124E+02
  0.42997740E+01 -0.26515936E+02
  0.43108454E+01 -0.26515763E+02
  0.43219169E+01 -0.26515605E+02
  0.43329883E+01 -0.26515463E+02
  0.43440597E+01 -0.26515336E+02
  0.43551312E+01 -0.26515224E+02
  0.43662026E+01 -0.26515127E+02
  0.43772741E+01 -0.26515045E+02
  0.43883455E+01 -0.26514978E+02
  0.43994170E+01 -0.26514926E+02
  0.44104884E+01 -0.26514889E+02
  0.44215599E+01 -0.26514866E+02
  0.44326313E+01 -0.26514859E+02
  0.44437481E+01 -0.26514862E+02
  0.44548648E+01 -0.26514870E+02
  0.44659816E+01 -0.26514883E+02
  0.44770983E+01 -0.26514902E+02
  0.44882151E+01 -0.26514926E+02
  0.44993318E+01 -0.26514956E+02
  0.45104485E+01 -0.26514990E+02
  0.45215653E+01 -0.26515030E+02
  0.45326820E+01 -0.26515074E+02
  0.45437988E+01 -0.26515123E+02
  0.45549155E+01 -0.26515176E+02
  0.45660323E+01 -0.26515233E+02
  0.45771490E+01 -0.26515295E+02
  0.45882658E+01 -0.26515360E+02
  0.45993825E+01 -0.26515428E+02
  0.46104993E+01 -0.26515500E+02
  0.46216160E+01 -0.26515575E+02
  0.46327328E+01 -0.26515652E+02
  0.46438495E+01 -0.26515732E+02
  0.46549663E+01 -0.26515814E+02
  0.46660830E+01 -0.26515897E+02
  0.46771997E+01 -0.26515983E+02
  0.46883165E+01 -0.26516070E+02
  0.46994332E+01 -0.26516190E+02
  0.47105500E+01 -0.26516470E+02
  0.47216667E+01 -0.26516767E+02
  0.47327835E+01 -0.26517064E+02
  0.47439002E+01 -0.26517358E+02
  0.47550170E+01 -0.26517649E+02
  0.47661337E+01 -0.26517707E+02
  0.47772505E+01 -0.26517686E+02
  0.47883672E+01 -0.26517668E+02
  0.47994840E+01 -0.26517653E+02
  0.48106007E+01 -0.26517642E+02
  0.48217175E+01 -0.26517632E+02
  0.48328342E+01 -0.26517625E+02
  0.48439510E+01 -0.26517620E+02
  0.48550677E+01 -0.26517616E+02
  0.48661844E+01 -0.26517614E+02
  0.48773012E+01 -0.26517613E+02
  0.48884179E+01 -0.26517612E+02
  0.48995347E+01 -0.26517613E+02
  0.49106514E+01 -0.26517613E+02
  0.49217682E+01 -0.26517614E+02
  0.49328849E+01 -0.26517616E+02
  0.49440017E+01 -0.26517617E+02
  0.49551184E+01 -0.26517618E+02
  0.49662352E+01 -0.26517618E+02
  0.49773519E+01 -0.26517619E+02
  0.49884687E+01 -0.26517619E+02
  
  0.00000000E+00 -0.26527268E+02
  0.11116747E-01 -0.26527277E+02
  0.22233494E-01 -0.26527304E+02
  0.33350240E-01 -0.26527349E+02
  0.44466987E-01 -0.26527412E+02
  0.55583734E-01 -0.26527492E+02
  0.66700481E-01 -0.26527590E+02
  0.77817228E-01 -0.26527704E+02
  0.88933975E-01 -0.26527835E+02
  0.10005072E+00 -0.26527981E+02
  0.11116747E+00 -0.26528142E+02
  0.12228422E+00 -0.26528317E+02
  0.13340096E+00 -0.26528506E+02
  0.14451771E+00 -0.26528708E+02
  0.15563446E+00 -0.26528921E+02
  0.16675120E+00 -0.26529145E+02
  0.17786795E+00 -0.26529379E+02
  0.18898470E+00 -0.26529621E+02
  0.20010144E+00 -0.26529871E+02
  0.21121819E+00 -0.26530128E+02
  0.22233494E+00 -0.26530389E+02
  0.23345168E+00 -0.26530655E+02
  0.24456843E+00 -0.26530924E+02
  0.25568518E+00 -0.26531195E+02
  0.26680192E+00 -0.26531465E+02
  0.27791867E+00 -0.26531735E+02
  0.28903542E+00 -0.26532003E+02
  0.30015216E+00 -0.26532268E+02
  0.31126891E+00 -0.26532528E+02
  0.32238566E+00 -0.26532782E+02
  0.33350240E+00 -0.26533029E+02
  0.34461915E+00 -0.26533267E+02
  0.35573590E+00 -0.26533497E+02
  0.36685265E+00 -0.26533715E+02
  0.37796939E+00 -0.26533922E+02
  0.38908614E+00 -0.26534116E+02
  0.40020289E+00 -0.26534297E+02
  0.41131963E+00 -0.26534462E+02
  0.42243638E+00 -0.26534612E+02
  0.43355313E+00 -0.26534746E+02
  0.44466987E+00 -0.26534862E+02
  0.45578662E+00 -0.26534960E+02
  0.46690337E+00 -0.26535039E+02
  0.47802011E+00 -0.26535099E+02
  0.48913686E+00 -0.26535140E+02
  0.50025361E+00 -0.26535160E+02
  0.51137035E+00 -0.26535160E+02
  0.52248710E+00 -0.26535138E+02
  0.53360385E+00 -0.26535096E+02
  0.54472059E+00 -0.26535033E+02
  0.55583734E+00 -0.26534948E+02
  0.56695409E+00 -0.26534842E+02
  0.57807084E+00 -0.26534716E+02
  0.58918758E+00 -0.26534568E+02
  0.60030433E+00 -0.26534400E+02
  0.61142108E+00 -0.26534212E+02
  0.62253782E+00 -0.26533908E+02
  0.63365457E+00 -0.26533381E+02
  0.64477132E+00 -0.26532851E+02
  0.65588806E+00 -0.26532317E+02
  0.66700481E+00 -0.26531783E+02
  0.67812156E+00 -0.26531246E+02
  0.68923830E+00 -0.26530710E+02
  0.70035505E+00 -0.26530174E+02
  0.71147180E+00 -0.26529639E+02
  0.72258854E+00 -0.26529105E+02
  0.73370529E+00 -0.26528575E+02
  0.74482204E+00 -0.26528048E+02
  0.75593878E+00 -0.26527525E+02
  0.76705553E+00 -0.26527007E+02
  0.77817228E+00 -0.26526496E+02
  0.78928902E+00 -0.26525991E+02
  0.80040577E+00 -0.26525494E+02
  0.81152252E+00 -0.26525005E+02
  0.82263927E+00 -0.26524526E+02
  0.83375601E+00 -0.26524056E+02
  0.84487276E+00 -0.26523598E+02
  0.85598951E+00 -0.26523151E+02
  0.86710625E+00 -0.26522717E+02
  0.87822300E+00 -0.26522296E+02
  0.88933975E+00 -0.26521889E+02
  0.90045649E+00 -0.26521497E+02
  0.91157324E+00 -0.26521120E+02
  0.92268999E+00 -0.26520759E+02
  0.93380673E+00 -0.26520415E+02
  0.94492348E+00 -0.26520089E+02
  0.95604023E+00 -0.26519781E+02
  0.96715697E+00 -0.26519491E+02
  0.97827372E+00 -0.26519220E+02
  0.98939047E+00 -0.26518970E+02
  0.10005072E+01 -0.26518739E+02
  0.10116240E+01 -0.26518529E+02
  0.10227407E+01 -0.26518340E+02
  0.10338575E+01 -0.26518172E+02
  0.10449742E+01 -0.26518026E+02
  0.10560909E+01 -0.26517902E+02
  0.10672077E+01 -0.26517801E+02
  0.10783244E+01 -0.26517721E+02
  0.10894412E+01 -0.26517664E+02
  0.11005579E+01 -0.26517630E+02
  0.11116747E+01 -0.26517619E+02
  0.11229043E+01 -0.26517616E+02
  0.11341339E+01 -0.26517609E+02
  0.11453635E+01 -0.26517596E+02
  0.11565931E+01 -0.26517579E+02
  0.11678227E+01 -0.26517557E+02
  0.11790523E+01 -0.26517531E+02
  0.11902820E+01 -0.26517500E+02
  0.12015116E+01 -0.26517466E+02
  0.12127412E+01 -0.26517428E+02
  0.12239708E+01 -0.26517388E+02
  0.12352004E+01 -0.26517345E+02
  0.12464300E+01 -0.26517300E+02
  0.12576596E+01 -0.26517254E+02
  0.12688892E+01 -0.26517207E+02
  0.12801188E+01 -0.26517160E+02
  0.12913484E+01 -0.26517114E+02
  0.13025781E+01 -0.26517068E+02
  0.13138077E+01 -0.26517025E+02
  0.13250373E+01 -0.26516985E+02
  0.13362669E+01 -0.26516948E+02
  0.13474965E+01 -0.26516915E+02
  0.13587261E+01 -0.26516887E+02
  0.13699557E+01 -0.26516829E+02
  0.13811853E+01 -0.26516509E+02
  0.13924149E+01 -0.26516185E+02
  0.14036445E+01 -0.26515860E+02
  0.14148742E+01 -0.26515535E+02
  0.14261038E+01 -0.26515213E+02
  0.14373334E+01 -0.26514895E+02
  0.14485630E+01 -0.26514581E+02
  0.14597926E+01 -0.26514275E+02
  0.14710222E+01 -0.26513976E+02
  0.14822518E+01 -0.26513687E+02
  0.14934814E+01 -0.26513408E+02
  0.15047110E+01 -0.26513243E+02
  0.15047110E+01 -0.26513243E+02
  0.15158347E+01 -0.26513244E+02
  0.15269584E+01 -0.26513262E+02
  0.15380820E+01 -0.26513299E+02
  0.15492057E+01 -0.26513353E+02
  0.15603294E+01 -0.26513427E+02
  0.15714531E+01 -0.26513521E+02
  0.15825767E+01 -0.26513634E+02
  0.15937004E+01 -0.26513767E+02
  0.16048241E+01 -0.26513920E+02
  0.16159477E+01 -0.26514094E+02
  0.16270714E+01 -0.26514288E+02
  0.16381951E+01 -0.26514503E+02
  0.16493188E+01 -0.26514737E+02
  0.16604424E+01 -0.26514992E+02
  0.16715661E+01 -0.26515267E+02
  0.16826898E+01 -0.26515560E+02
  0.16938134E+01 -0.26515873E+02
  0.17049371E+01 -0.26516204E+02
  0.17160608E+01 -0.26516552E+02
  0.17271844E+01 -0.26516917E+02
  0.17383081E+01 -0.26517299E+02
  0.17494318E+01 -0.26517696E+02
  0.17605555E+01 -0.26518107E+02
  0.17716791E+01 -0.26518532E+02
  0.17828028E+01 -0.26518969E+02
  0.17939265E+01 -0.26519417E+02
  0.18050501E+01 -0.26519876E+02
  0.18161738E+01 -0.26520344E+02
  0.18272975E+01 -0.26520819E+02
  0.18384211E+01 -0.26521301E+02
  0.18495448E+01 -0.26521789E+02
  0.18606685E+01 -0.26522280E+02
  0.18717922E+01 -0.26522774E+02
  0.18829158E+01 -0.26523269E+02
  0.18940395E+01 -0.26523764E+02
  0.19051632E+01 -0.26524258E+02
  0.19162868E+01 -0.26524749E+02
  0.19274105E+01 -0.26525236E+02
  0.19385342E+01 -0.26525717E+02
  0.19496579E+01 -0.26526191E+02
  0.19607815E+01 -0.26526657E+02
  0.19719052E+01 -0.26527114E+02
  0.19830289E+01 -0.26527560E+02
  0.19941525E+01 -0.26527995E+02
  0.20052762E+01 -0.26528416E+02
  0.20163999E+01 -0.26528824E+02
  0.20275235E+01 -0.26529216E+02
  0.20386472E+01 -0.26529592E+02
  0.20497709E+01 -0.26529951E+02
  0.20608946E+01 -0.26530293E+02
  0.20720182E+01 -0.26530615E+02
  0.20831419E+01 -0.26530919E+02
  0.20942656E+01 -0.26531202E+02
  0.21053892E+01 -0.26531465E+02
  0.21165129E+01 -0.26531706E+02
  0.21276366E+01 -0.26531927E+02
  0.21387602E+01 -0.26532125E+02
  0.21498839E+01 -0.26532302E+02
  0.21610076E+01 -0.26532456E+02
  0.21721313E+01 -0.26532589E+02
  0.21832549E+01 -0.26532699E+02
  0.21943786E+01 -0.26532787E+02
  0.22055023E+01 -0.26532854E+02
  0.22166259E+01 -0.26532899E+02
  0.22277496E+01 -0.26532922E+02
  0.22388733E+01 -0.26532926E+02
  0.22499970E+01 -0.26532909E+02
  0.22611206E+01 -0.26532872E+02
  0.22722443E+01 -0.26532817E+02
  0.22833680E+01 -0.26532744E+02
  0.22944916E+01 -0.26532653E+02
  0.23056153E+01 -0.26532546E+02
  0.23167390E+01 -0.26532424E+02
  0.23278626E+01 -0.26532287E+02
  0.23389863E+01 -0.26532137E+02
  0.23501100E+01 -0.26531975E+02
  0.23612337E+01 -0.26531802E+02
  0.23723573E+01 -0.26531618E+02
  0.23834810E+01 -0.26531426E+02
  0.23946047E+01 -0.26531227E+02
  0.24057283E+01 -0.26531021E+02
  0.24168520E+01 -0.26530811E+02
  0.24279757E+01 -0.26530596E+02
  0.24390993E+01 -0.26530380E+02
  0.24502230E+01 -0.26530162E+02
  0.24613467E+01 -0.26529944E+02
  0.24724704E+01 -0.26529728E+02
  0.24835940E+01 -0.26529514E+02
  0.24947177E+01 -0.26529304E+02
  0.25058414E+01 -0.26529099E+02
  0.25169650E+01 -0.26528901E+02
  0.25280887E+01 -0.26528709E+02
  0.25392124E+01 -0.26528526E+02
  0.25503361E+01 -0.26528352E+02
  0.25614597E+01 -0.26528188E+02
  0.25725834E+01 -0.26528036E+02
  0.25837071E+01 -0.26527895E+02
  0.25948307E+01 -0.26527767E+02
  0.26059544E+01 -0.26527653E+02
  0.26170781E+01 -0.26527552E+02
  0.26282017E+01 -0.26527466E+02
  0.26393254E+01 -0.26527395E+02
  0.26504491E+01 -0.26527340E+02
  0.26615728E+01 -0.26527300E+02
  0.26726964E+01 -0.26527276E+02
  0.26838201E+01 -0.26527268E+02
  0.26948861E+01 -0.26527274E+02
  0.27059520E+01 -0.26527295E+02
  0.27170180E+01 -0.26527329E+02
  0.27280839E+01 -0.26527377E+02
  0.27391499E+01 -0.26527438E+02
  0.27502159E+01 -0.26527511E+02
  0.27612818E+01 -0.26527597E+02
  0.27723478E+01 -0.26527695E+02
  0.27834137E+01 -0.26527803E+02
  0.27944797E+01 -0.26527922E+02
  0.28055457E+01 -0.26528051E+02
  0.28166116E+01 -0.26528189E+02
  0.28276776E+01 -0.26528334E+02
  0.28387435E+01 -0.26528487E+02
  0.28498095E+01 -0.26528645E+02
  0.28608755E+01 -0.26528808E+02
  0.28719414E+01 -0.26528976E+02
  0.28830074E+01 -0.26529145E+02
  0.28940733E+01 -0.26529317E+02
  0.29051393E+01 -0.26529488E+02
  0.29162053E+01 -0.26529659E+02
  0.29272712E+01 -0.26529827E+02
  0.29383372E+01 -0.26529992E+02
  0.29494031E+01 -0.26530152E+02
  0.29604691E+01 -0.26530306E+02
  0.29715351E+01 -0.26530453E+02
  0.29826010E+01 -0.26530591E+02
  0.29936670E+01 -0.26530719E+02
  0.30047329E+01 -0.26530836E+02
  0.30157989E+01 -0.26530940E+02
  0.30268649E+01 -0.26531031E+02
  0.30379308E+01 -0.26531107E+02
  0.30489968E+01 -0.26531168E+02
  0.30600627E+01 -0.26531211E+02
  0.30711287E+01 -0.26531237E+02
  0.30821947E+01 -0.26531243E+02
  0.30932606E+01 -0.26531230E+02
  0.31043266E+01 -0.26531197E+02
  0.31153925E+01 -0.26531143E+02
  0.31264585E+01 -0.26531067E+02
  0.31375245E+01 -0.26530969E+02
  0.31485904E+01 -0.26530849E+02
  0.31596564E+01 -0.26530706E+02
  0.31707223E+01 -0.26530542E+02
  0.31817883E+01 -0.26530355E+02
  0.31928543E+01 -0.26530146E+02
  0.32039202E+01 -0.26529916E+02
  0.32149862E+01 -0.26529666E+02
  0.32260521E+01 -0.26529396E+02
  0.32371181E+01 -0.26529107E+02
  0.32481841E+01 -0.26528801E+02
  0.32592500E+01 -0.26528478E+02
  0.32703160E+01 -0.26528140E+02
  0.32813819E+01 -0.26527789E+02
  0.32924479E+01 -0.26527425E+02
  0.33035139E+01 -0.26527050E+02
  0.33145798E+01 -0.26526667E+02
  0.33256458E+01 -0.26526276E+02
  0.33367117E+01 -0.26525880E+02
  0.33477777E+01 -0.26525479E+02
  0.33588437E+01 -0.26525076E+02
  0.33699096E+01 -0.26524671E+02
  0.33809756E+01 -0.26524268E+02
  0.33920415E+01 -0.26523867E+02
  0.34031075E+01 -0.26523470E+02
  0.34141735E+01 -0.26523079E+02
  0.34252394E+01 -0.26522694E+02
  0.34363054E+01 -0.26522318E+02
  0.34473713E+01 -0.26521952E+02
  0.34584373E+01 -0.26521597E+02
  0.34695033E+01 -0.26521255E+02
  0.34805692E+01 -0.26520926E+02
  0.34916352E+01 -0.26520613E+02
  0.35027011E+01 -0.26520316E+02
  0.35137671E+01 -0.26520037E+02
  0.35248331E+01 -0.26519776E+02
  0.35358990E+01 -0.26519534E+02
  0.35469650E+01 -0.26519313E+02
  0.35580309E+01 -0.26519112E+02
  0.35690969E+01 -0.26518934E+02
  0.35801629E+01 -0.26518778E+02
  0.35912288E+01 -0.26518645E+02
  0.36022948E+01 -0.26518535E+02
  0.36133607E+01 -0.26518449E+02
  0.36244267E+01 -0.26518388E+02
  0.36354927E+01 -0.26518351E+02
  0.36465586E+01 -0.26518339E+02
  0.36576301E+01 -0.26518336E+02
  0.36687015E+01 -0.26518327E+02
  0.36797730E+01 -0.26518312E+02
  0.36908444E+01 -0.26518291E+02
  0.37019158E+01 -0.26518264E+02
  0.37129873E+01 -0.26518232E+02
  0.37240587E+01 -0.26518193E+02
  0.37351302E+01 -0.26518149E+02
  0.37462016E+01 -0.26518099E+02
  0.37572731E+01 -0.26518044E+02
  0.37683445E+01 -0.26517983E+02
  0.37794160E+01 -0.26517917E+02
  0.37904874E+01 -0.26517845E+02
  0.38015589E+01 -0.26517768E+02
  0.38126303E+01 -0.26517686E+02
  0.38237018E+01 -0.26517599E+02
  0.38347732E+01 -0.26517508E+02
  0.38458447E+01 -0.26517411E+02
  0.38569161E+01 -0.26517311E+02
  0.38679875E+01 -0.26517205E+02
  0.38790590E+01 -0.26517096E+02
  0.38901304E+01 -0.26516983E+02
  0.39012019E+01 -0.26516866E+02
  0.39122733E+01 -0.26516746E+02
  0.39233448E+01 -0.26516622E+02
  0.39344162E+01 -0.26516495E+02
  0.39454877E+01 -0.26516365E+02
  0.39565591E+01 -0.26516233E+02
  0.39676306E+01 -0.26516098E+02
  0.39787020E+01 -0.26515960E+02
  0.39897735E+01 -0.26515821E+02
  0.40008449E+01 -0.26515680E+02
  0.40119163E+01 -0.26515538E+02
  0.40229878E+01 -0.26515394E+02
  0.40340592E+01 -0.26515249E+02
  0.40451307E+01 -0.26515104E+02
  0.40562021E+01 -0.26514958E+02
  0.40672736E+01 -0.26514812E+02
  0.40783450E+01 -0.26514666E+02
  0.40894165E+01 -0.26514521E+02
  0.41004879E+01 -0.26514376E+02
  0.41115594E+01 -0.26514231E+02
  0.41226308E+01 -0.26514088E+02
  0.41337023E+01 -0.26513946E+02
  0.41447737E+01 -0.26513806E+02
  0.41558452E+01 -0.26513668E+02
  0.41669166E+01 -0.26513532E+02
  0.41779880E+01 -0.26513398E+02
  0.41890595E+01 -0.26513266E+02
  0.42001309E+01 -0.26513138E+02
  0.42112024E+01 -0.26513013E+02
  0.42222738E+01 -0.26512891E+02
  0.42333453E+01 -0.26512773E+02
  0.42444167E+01 -0.26512659E+02
  0.42554882E+01 -0.26512549E+02
  0.42665596E+01 -0.26512443E+02
  0.42776311E+01 -0.26512343E+02
  0.42887025E+01 -0.26512247E+02
  0.42997740E+01 -0.26512157E+02
  0.43108454E+01 -0.26512073E+02
  0.43219169E+01 -0.26511995E+02
  0.43329883E+01 -0.26511923E+02
  0.43440597E+01 -0.26511857E+02
  0.43551312E+01 -0.26511799E+02
  0.43662026E+01 -0.26511748E+02
  0.43772741E+01 -0.26511704E+02
  0.43883455E+01 -0.26511668E+02
  0.43994170E+01 -0.26511640E+02
  0.44104884E+01 -0.26511619E+02
  0.44215599E+01 -0.26511607E+02
  0.44326313E+01 -0.26511603E+02
  0.44437481E+01 -0.26511613E+02
  0.44548648E+01 -0.26511644E+02
  0.44659816E+01 -0.26511694E+02
  0.44770983E+01 -0.26511764E+02
  0.44882151E+01 -0.26511854E+02
  0.44993318E+01 -0.26511962E+02
  0.45104485E+01 -0.26512087E+02
  0.45215653E+01 -0.26512230E+02
  0.45326820E+01 -0.26512390E+02
  0.45437988E+01 -0.26512565E+02
  0.45549155E+01 -0.26512755E+02
  0.45660323E+01 -0.26512959E+02
  0.45771490E+01 -0.26513176E+02
  0.45882658E+01 -0.26513405E+02
  0.45993825E+01 -0.26513646E+02
  0.46104993E+01 -0.26513898E+02
  0.46216160E+01 -0.26514159E+02
  0.46327328E+01 -0.26514428E+02
  0.46438495E+01 -0.26514705E+02
  0.46549663E+01 -0.26514989E+02
  0.46660830E+01 -0.26515277E+02
  0.46771997E+01 -0.26515570E+02
  0.46883165E+01 -0.26515864E+02
  0.46994332E+01 -0.26516129E+02
  0.47105500E+01 -0.26516235E+02
  0.47216667E+01 -0.26516324E+02
  0.47327835E+01 -0.26516411E+02
  0.47439002E+01 -0.26516497E+02
  0.47550170E+01 -0.26516581E+02
  0.47661337E+01 -0.26516665E+02
  0.47772505E+01 -0.26516747E+02
  0.47883672E+01 -0.26516826E+02
  0.47994840E+01 -0.26516904E+02
  0.48106007E+01 -0.26516978E+02
  0.48217175E+01 -0.26517050E+02
  0.48328342E+01 -0.26517118E+02
  0.48439510E+01 -0.26517184E+02
  0.48550677E+01 -0.26517245E+02
  0.48661844E+01 -0.26517302E+02
  0.48773012E+01 -0.26517355E+02
  0.48884179E+01 -0.26517404E+02
  0.48995347E+01 -0.26517448E+02
  0.49106514E+01 -0.26517488E+02
  0.49217682E+01 -0.26517522E+02
  0.49328849E+01 -0.26517551E+02
  0.49440017E+01 -0.26517576E+02
  0.49551184E+01 -0.26517595E+02
  0.49662352E+01 -0.26517608E+02
  0.49773519E+01 -0.26517616E+02
  0.49884687E+01 -0.26517619E+02
  
  0.00000000E+00 -0.26527268E+02
  0.11116747E-01 -0.26527272E+02
  0.22233494E-01 -0.26527287E+02
  0.33350240E-01 -0.26527311E+02
  0.44466987E-01 -0.26527345E+02
  0.55583734E-01 -0.26527388E+02
  0.66700481E-01 -0.26527440E+02
  0.77817228E-01 -0.26527500E+02
  0.88933975E-01 -0.26527569E+02
  0.10005072E+00 -0.26527647E+02
  0.11116747E+00 -0.26527731E+02
  0.12228422E+00 -0.26527823E+02
  0.13340096E+00 -0.26527922E+02
  0.14451771E+00 -0.26528026E+02
  0.15563446E+00 -0.26528136E+02
  0.16675120E+00 -0.26528251E+02
  0.17786795E+00 -0.26528370E+02
  0.18898470E+00 -0.26528492E+02
  0.20010144E+00 -0.26528617E+02
  0.21121819E+00 -0.26528744E+02
  0.22233494E+00 -0.26528872E+02
  0.23345168E+00 -0.26529001E+02
  0.24456843E+00 -0.26529129E+02
  0.25568518E+00 -0.26529256E+02
  0.26680192E+00 -0.26529381E+02
  0.27791867E+00 -0.26529503E+02
  0.28903542E+00 -0.26529621E+02
  0.30015216E+00 -0.26529735E+02
  0.31126891E+00 -0.26529844E+02
  0.32238566E+00 -0.26529946E+02
  0.33350240E+00 -0.26530042E+02
  0.34461915E+00 -0.26530130E+02
  0.35573590E+00 -0.26530209E+02
  0.36685265E+00 -0.26530279E+02
  0.37796939E+00 -0.26530340E+02
  0.38908614E+00 -0.26530390E+02
  0.40020289E+00 -0.26530429E+02
  0.41131963E+00 -0.26530456E+02
  0.42243638E+00 -0.26530471E+02
  0.43355313E+00 -0.26530473E+02
  0.44466987E+00 -0.26530462E+02
  0.45578662E+00 -0.26530437E+02
  0.46690337E+00 -0.26530398E+02
  0.47802011E+00 -0.26530345E+02
  0.48913686E+00 -0.26530278E+02
  0.50025361E+00 -0.26530195E+02
  0.51137035E+00 -0.26530097E+02
  0.52248710E+00 -0.26529985E+02
  0.53360385E+00 -0.26529857E+02
  0.54472059E+00 -0.26529714E+02
  0.55583734E+00 -0.26529556E+02
  0.56695409E+00 -0.26529383E+02
  0.57807084E+00 -0.26529195E+02
  0.58918758E+00 -0.26528993E+02
  0.60030433E+00 -0.26528777E+02
  0.61142108E+00 -0.26528547E+02
  0.62253782E+00 -0.26528303E+02
  0.63365457E+00 -0.26528047E+02
  0.64477132E+00 -0.26527778E+02
  0.65588806E+00 -0.26527498E+02
  0.66700481E+00 -0.26527206E+02
  0.67812156E+00 -0.26526904E+02
  0.68923830E+00 -0.26526592E+02
  0.70035505E+00 -0.26526272E+02
  0.71147180E+00 -0.26525943E+02
  0.72258854E+00 -0.26525607E+02
  0.73370529E+00 -0.26525264E+02
  0.74482204E+00 -0.26524916E+02
  0.75593878E+00 -0.26524563E+02
  0.76705553E+00 -0.26524207E+02
  0.77817228E+00 -0.26523848E+02
  0.78928902E+00 -0.26523488E+02
  0.80040577E+00 -0.26523127E+02
  0.81152252E+00 -0.26522767E+02
  0.82263927E+00 -0.26522408E+02
  0.83375601E+00 -0.26522052E+02
  0.84487276E+00 -0.26521700E+02
  0.85598951E+00 -0.26521352E+02
  0.86710625E+00 -0.26521010E+02
  0.87822300E+00 -0.26520675E+02
  0.88933975E+00 -0.26520348E+02
  0.90045649E+00 -0.26520029E+02
  0.91157324E+00 -0.26519721E+02
  0.92268999E+00 -0.26519423E+02
  0.93380673E+00 -0.26519136E+02
  0.94492348E+00 -0.26518863E+02
  0.95604023E+00 -0.26518602E+02
  0.96715697E+00 -0.26518356E+02
  0.97827372E+00 -0.26518125E+02
  0.98939047E+00 -0.26517910E+02
  0.10005072E+01 -0.26517711E+02
  0.10116240E+01 -0.26517528E+02
  0.10227407E+01 -0.26517364E+02
  0.10338575E+01 -0.26517218E+02
  0.10449742E+01 -0.26517090E+02
  0.10560909E+01 -0.26516981E+02
  0.10672077E+01 -0.26516891E+02
  0.10783244E+01 -0.26516821E+02
  0.10894412E+01 -0.26516771E+02
  0.11005579E+01 -0.26516741E+02
  0.11116747E+01 -0.26516731E+02
  0.11229043E+01 -0.26516725E+02
  0.11341339E+01 -0.26516706E+02
  0.11453635E+01 -0.26516675E+02
  0.11565931E+01 -0.26516632E+02
  0.11678227E+01 -0.26516577E+02
  0.11790523E+01 -0.26516511E+02
  0.11902820E+01 -0.26516433E+02
  0.12015116E+01 -0.26516345E+02
  0.12127412E+01 -0.26516247E+02
  0.12239708E+01 -0.26516140E+02
  0.12352004E+01 -0.26516024E+02
  0.12464300E+01 -0.26515900E+02
  0.12576596E+01 -0.26515770E+02
  0.12688892E+01 -0.26515633E+02
  0.12801188E+01 -0.26515491E+02
  0.12913484E+01 -0.26515345E+02
  0.13025781E+01 -0.26515196E+02
  0.13138077E+01 -0.26515044E+02
  0.13250373E+01 -0.26514892E+02
  0.13362669E+01 -0.26514740E+02
  0.13474965E+01 -0.26514589E+02
  0.13587261E+01 -0.26514440E+02
  0.13699557E+01 -0.26514295E+02
  0.13811853E+01 -0.26514155E+02
  0.13924149E+01 -0.26514020E+02
  0.14036445E+01 -0.26513893E+02
  0.14148742E+01 -0.26513774E+02
  0.14261038E+01 -0.26513664E+02
  0.14373334E+01 -0.26513564E+02
  0.14485630E+01 -0.26513477E+02
  0.14597926E+01 -0.26513401E+02
  0.14710222E+01 -0.26513339E+02
  0.14822518E+01 -0.26513292E+02
  0.14934814E+01 -0.26513259E+02
  0.15047110E+01 -0.26513142E+02
  0.15047110E+01 -0.26513142E+02
  0.15158347E+01 -0.26512892E+02
  0.15269584E+01 -0.26512657E+02
  0.15380820E+01 -0.26512437E+02
  0.15492057E+01 -0.26512234E+02
  0.15603294E+01 -0.26512050E+02
  0.15714531E+01 -0.26511884E+02
  0.15825767E+01 -0.26511739E+02
  0.15937004E+01 -0.26511614E+02
  0.16048241E+01 -0.26511511E+02
  0.16159477E+01 -0.26511430E+02
  0.16270714E+01 -0.26511372E+02
  0.16381951E+01 -0.26511338E+02
  0.16493188E+01 -0.26511328E+02
  0.16604424E+01 -0.26511342E+02
  0.16715661E+01 -0.26511380E+02
  0.16826898E+01 -0.26511444E+02
  0.16938134E+01 -0.26511532E+02
  0.17049371E+01 -0.26511645E+02
  0.17160608E+01 -0.26511783E+02
  0.17271844E+01 -0.26511945E+02
  0.17383081E+01 -0.26512131E+02
  0.17494318E+01 -0.26512342E+02
  0.17605555E+01 -0.26512576E+02
  0.17716791E+01 -0.26512832E+02
  0.17828028E+01 -0.26513111E+02
  0.17939265E+01 -0.26513412E+02
  0.18050501E+01 -0.26513734E+02
  0.18161738E+01 -0.26514075E+02
  0.18272975E+01 -0.26514436E+02
  0.18384211E+01 -0.26514815E+02
  0.18495448E+01 -0.26515212E+02
  0.18606685E+01 -0.26515624E+02
  0.18717922E+01 -0.26516052E+02
  0.18829158E+01 -0.26516493E+02
  0.18940395E+01 -0.26516947E+02
  0.19051632E+01 -0.26517413E+02
  0.19162868E+01 -0.26517888E+02
  0.19274105E+01 -0.26518373E+02
  0.19385342E+01 -0.26518864E+02
  0.19496579E+01 -0.26519362E+02
  0.19607815E+01 -0.26519865E+02
  0.19719052E+01 -0.26520370E+02
  0.19830289E+01 -0.26520877E+02
  0.19941525E+01 -0.26521385E+02
  0.20052762E+01 -0.26521891E+02
  0.20163999E+01 -0.26522394E+02
  0.20275235E+01 -0.26522893E+02
  0.20386472E+01 -0.26523386E+02
  0.20497709E+01 -0.26523872E+02
  0.20608946E+01 -0.26524348E+02
  0.20720182E+01 -0.26524814E+02
  0.20831419E+01 -0.26525269E+02
  0.20942656E+01 -0.26525710E+02
  0.21053892E+01 -0.26526136E+02
  0.21165129E+01 -0.26526546E+02
  0.21276366E+01 -0.26526938E+02
  0.21387602E+01 -0.26527312E+02
  0.21498839E+01 -0.26527666E+02
  0.21610076E+01 -0.26527999E+02
  0.21721313E+01 -0.26528310E+02
  0.21832549E+01 -0.26528599E+02
  0.21943786E+01 -0.26528865E+02
  0.22055023E+01 -0.26529106E+02
  0.22166259E+01 -0.26529324E+02
  0.22277496E+01 -0.26529518E+02
  0.22388733E+01 -0.26529687E+02
  0.22499970E+01 -0.26529833E+02
  0.22611206E+01 -0.26529954E+02
  0.22722443E+01 -0.26530053E+02
  0.22833680E+01 -0.26530129E+02
  0.22944916E+01 -0.26530183E+02
  0.23056153E+01 -0.26530217E+02
  0.23167390E+01 -0.26530230E+02
  0.23278626E+01 -0.26530224E+02
  0.23389863E+01 -0.26530201E+02
  0.23501100E+01 -0.26530161E+02
  0.23612337E+01 -0.26530105E+02
  0.23723573E+01 -0.26530035E+02
  0.23834810E+01 -0.26529953E+02
  0.23946047E+01 -0.26529858E+02
  0.24057283E+01 -0.26529754E+02
  0.24168520E+01 -0.26529641E+02
  0.24279757E+01 -0.26529520E+02
  0.24390993E+01 -0.26529393E+02
  0.24502230E+01 -0.26529261E+02
  0.24613467E+01 -0.26529125E+02
  0.24724704E+01 -0.26528987E+02
  0.24835940E+01 -0.26528847E+02
  0.24947177E+01 -0.26528708E+02
  0.25058414E+01 -0.26528570E+02
  0.25169650E+01 -0.26528434E+02
  0.25280887E+01 -0.26528302E+02
  0.25392124E+01 -0.26528174E+02
  0.25503361E+01 -0.26528052E+02
  0.25614597E+01 -0.26527935E+02
  0.25725834E+01 -0.26527826E+02
  0.25837071E+01 -0.26527725E+02
  0.25948307E+01 -0.26527633E+02
  0.26059544E+01 -0.26527550E+02
  0.26170781E+01 -0.26527476E+02
  0.26282017E+01 -0.26527413E+02
  0.26393254E+01 -0.26527361E+02
  0.26504491E+01 -0.26527321E+02
  0.26615728E+01 -0.26527291E+02
  0.26726964E+01 -0.26527273E+02
  0.26838201E+01 -0.26527268E+02
  0.26948861E+01 -0.26527274E+02
  0.27059520E+01 -0.26527295E+02
  0.27170180E+01 -0.26527329E+02
  0.27280839E+01 -0.26527377E+02
  0.27391499E+01 -0.26527438E+02
  0.27502159E+01 -0.26527511E+02
  0.27612818E+01 -0.26527597E+02
  0.27723478E+01 -0.26527695E+02
  0.27834137E+01 -0.26527803E+02
  0.27944797E+01 -0.26527922E+02
  0.28055457E+01 -0.26528051E+02
  0.28166116E+01 -0.26528189E+02
  0.28276776E+01 -0.26528334E+02
  0.28387435E+01 -0.26528487E+02
  0.28498095E+01 -0.26528645E+02
  0.28608755E+01 -0.26528808E+02
  0.28719414E+01 -0.26528976E+02
  0.28830074E+01 -0.26529145E+02
  0.28940733E+01 -0.26529317E+02
  0.29051393E+01 -0.26529488E+02
  0.29162053E+01 -0.26529659E+02
  0.29272712E+01 -0.26529827E+02
  0.29383372E+01 -0.26529992E+02
  0.29494031E+01 -0.26530152E+02
  0.29604691E+01 -0.26530306E+02
  0.29715351E+01 -0.26530453E+02
  0.29826010E+01 -0.26530591E+02
  0.29936670E+01 -0.26530719E+02
  0.30047329E+01 -0.26530836E+02
  0.30157989E+01 -0.26530940E+02
  0.30268649E+01 -0.26531031E+02
  0.30379308E+01 -0.26531107E+02
  0.30489968E+01 -0.26531168E+02
  0.30600627E+01 -0.26531211E+02
  0.30711287E+01 -0.26531237E+02
  0.30821947E+01 -0.26531243E+02
  0.30932606E+01 -0.26531230E+02
  0.31043266E+01 -0.26531197E+02
  0.31153925E+01 -0.26531143E+02
  0.31264585E+01 -0.26531067E+02
  0.31375245E+01 -0.26530969E+02
  0.31485904E+01 -0.26530849E+02
  0.31596564E+01 -0.26530706E+02
  0.31707223E+01 -0.26530542E+02
  0.31817883E+01 -0.26530355E+02
  0.31928543E+01 -0.26530146E+02
  0.32039202E+01 -0.26529916E+02
  0.32149862E+01 -0.26529666E+02
  0.32260521E+01 -0.26529396E+02
  0.32371181E+01 -0.26529107E+02
  0.32481841E+01 -0.26528801E+02
  0.32592500E+01 -0.26528478E+02
  0.32703160E+01 -0.26528140E+02
  0.32813819E+01 -0.26527789E+02
  0.32924479E+01 -0.26527425E+02
  0.33035139E+01 -0.26527050E+02
  0.33145798E+01 -0.26526667E+02
  0.33256458E+01 -0.26526276E+02
  0.33367117E+01 -0.26525880E+02
  0.33477777E+01 -0.26525479E+02
  0.33588437E+01 -0.26525076E+02
  0.33699096E+01 -0.26524671E+02
  0.33809756E+01 -0.26524268E+02
  0.33920415E+01 -0.26523867E+02
  0.34031075E+01 -0.26523470E+02
  0.34141735E+01 -0.26523079E+02
  0.34252394E+01 -0.26522694E+02
  0.34363054E+01 -0.26522318E+02
  0.34473713E+01 -0.26521952E+02
  0.34584373E+01 -0.26521597E+02
  0.34695033E+01 -0.26521255E+02
  0.34805692E+01 -0.26520926E+02
  0.34916352E+01 -0.26520613E+02
  0.35027011E+01 -0.26520316E+02
  0.35137671E+01 -0.26520037E+02
  0.35248331E+01 -0.26519776E+02
  0.35358990E+01 -0.26519534E+02
  0.35469650E+01 -0.26519313E+02
  0.35580309E+01 -0.26519112E+02
  0.35690969E+01 -0.26518934E+02
  0.35801629E+01 -0.26518778E+02
  0.35912288E+01 -0.26518645E+02
  0.36022948E+01 -0.26518535E+02
  0.36133607E+01 -0.26518449E+02
  0.36244267E+01 -0.26518388E+02
  0.36354927E+01 -0.26518351E+02
  0.36465586E+01 -0.26518339E+02
  0.36576301E+01 -0.26518334E+02
  0.36687015E+01 -0.26518319E+02
  0.36797730E+01 -0.26518295E+02
  0.36908444E+01 -0.26518262E+02
  0.37019158E+01 -0.26518219E+02
  0.37129873E+01 -0.26518166E+02
  0.37240587E+01 -0.26518104E+02
  0.37351302E+01 -0.26518034E+02
  0.37462016E+01 -0.26517954E+02
  0.37572731E+01 -0.26517866E+02
  0.37683445E+01 -0.26517770E+02
  0.37794160E+01 -0.26517665E+02
  0.37904874E+01 -0.26517553E+02
  0.38015589E+01 -0.26517433E+02
  0.38126303E+01 -0.26517306E+02
  0.38237018E+01 -0.26517172E+02
  0.38347732E+01 -0.26517032E+02
  0.38458447E+01 -0.26516886E+02
  0.38569161E+01 -0.26516735E+02
  0.38679875E+01 -0.26516578E+02
  0.38790590E+01 -0.26516417E+02
  0.38901304E+01 -0.26516251E+02
  0.39012019E+01 -0.26516081E+02
  0.39122733E+01 -0.26515908E+02
  0.39233448E+01 -0.26515733E+02
  0.39344162E+01 -0.26515554E+02
  0.39454877E+01 -0.26515374E+02
  0.39565591E+01 -0.26515193E+02
  0.39676306E+01 -0.26515010E+02
  0.39787020E+01 -0.26514827E+02
  0.39897735E+01 -0.26514644E+02
  0.40008449E+01 -0.26514461E+02
  0.40119163E+01 -0.26514280E+02
  0.40229878E+01 -0.26514099E+02
  0.40340592E+01 -0.26513921E+02
  0.40451307E+01 -0.26513745E+02
  0.40562021E+01 -0.26513571E+02
  0.40672736E+01 -0.26513401E+02
  0.40783450E+01 -0.26513234E+02
  0.40894165E+01 -0.26513070E+02
  0.41004879E+01 -0.26512911E+02
  0.41115594E+01 -0.26512757E+02
  0.41226308E+01 -0.26512607E+02
  0.41337023E+01 -0.26512462E+02
  0.41447737E+01 -0.26512322E+02
  0.41558452E+01 -0.26512188E+02
  0.41669166E+01 -0.26512060E+02
  0.41779880E+01 -0.26511937E+02
  0.41890595E+01 -0.26511820E+02
  0.42001309E+01 -0.26511710E+02
  0.42112024E+01 -0.26511605E+02
  0.42222738E+01 -0.26511507E+02
  0.42333453E+01 -0.26511415E+02
  0.42444167E+01 -0.26511329E+02
  0.42554882E+01 -0.26511249E+02
  0.42665596E+01 -0.26511175E+02
  0.42776311E+01 -0.26511107E+02
  0.42887025E+01 -0.26511044E+02
  0.42997740E+01 -0.26510988E+02
  0.43108454E+01 -0.26510937E+02
  0.43219169E+01 -0.26510891E+02
  0.43329883E+01 -0.26510850E+02
  0.43440597E+01 -0.26510814E+02
  0.43551312E+01 -0.26510783E+02
  0.43662026E+01 -0.26510756E+02
  0.43772741E+01 -0.26510734E+02
  0.43883455E+01 -0.26510716E+02
  0.43994170E+01 -0.26510702E+02
  0.44104884E+01 -0.26510693E+02
  0.44215599E+01 -0.26510687E+02
  0.44326313E+01 -0.26510685E+02
  0.44437481E+01 -0.26510690E+02
  0.44548648E+01 -0.26510706E+02
  0.44659816E+01 -0.26510732E+02
  0.44770983E+01 -0.26510769E+02
  0.44882151E+01 -0.26510817E+02
  0.44993318E+01 -0.26510876E+02
  0.45104485E+01 -0.26510945E+02
  0.45215653E+01 -0.26511025E+02
  0.45326820E+01 -0.26511116E+02
  0.45437988E+01 -0.26511217E+02
  0.45549155E+01 -0.26511329E+02
  0.45660323E+01 -0.26511450E+02
  0.45771490E+01 -0.26511580E+02
  0.45882658E+01 -0.26511719E+02
  0.45993825E+01 -0.26511867E+02
  0.46104993E+01 -0.26512022E+02
  0.46216160E+01 -0.26512184E+02
  0.46327328E+01 -0.26512352E+02
  0.46438495E+01 -0.26512526E+02
  0.46549663E+01 -0.26512705E+02
  0.46660830E+01 -0.26512888E+02
  0.46771997E+01 -0.26513074E+02
  0.46883165E+01 -0.26513264E+02
  0.46994332E+01 -0.26513455E+02
  0.47105500E+01 -0.26513647E+02
  0.47216667E+01 -0.26513839E+02
  0.47327835E+01 -0.26514031E+02
  0.47439002E+01 -0.26514222E+02
  0.47550170E+01 -0.26514410E+02
  0.47661337E+01 -0.26514596E+02
  0.47772505E+01 -0.26514778E+02
  0.47883672E+01 -0.26514956E+02
  0.47994840E+01 -0.26515128E+02
  0.48106007E+01 -0.26515295E+02
  0.48217175E+01 -0.26515456E+02
  0.48328342E+01 -0.26515609E+02
  0.48439510E+01 -0.26515755E+02
  0.48550677E+01 -0.26515892E+02
  0.48661844E+01 -0.26516020E+02
  0.48773012E+01 -0.26516140E+02
  0.48884179E+01 -0.26516249E+02
  0.48995347E+01 -0.26516348E+02
  0.49106514E+01 -0.26516436E+02
  0.49217682E+01 -0.26516514E+02
  0.49328849E+01 -0.26516579E+02
  0.49440017E+01 -0.26516634E+02
  0.49551184E+01 -0.26516676E+02
  0.49662352E+01 -0.26516707E+02
  0.49773519E+01 -0.26516725E+02
  0.49884687E+01 -0.26516731E+02
  
