  0.00000000E+00 -0.60701271E+01
  0.11116747E-01 -0.60701530E+01
  0.22233494E-01 -0.60702305E+01
  0.33350240E-01 -0.60703596E+01
  0.44466987E-01 -0.60705401E+01
  0.55583734E-01 -0.60707719E+01
  0.66700481E-01 -0.60710547E+01
  0.77817228E-01 -0.60713883E+01
  0.88933975E-01 -0.60717722E+01
  0.10005072E+00 -0.60722062E+01
  0.11116747E+00 -0.60726898E+01
  0.12228422E+00 -0.60732224E+01
  0.13340096E+00 -0.60738036E+01
  0.14451771E+00 -0.60744327E+01
  0.15563446E+00 -0.60751091E+01
  0.16675120E+00 -0.60758321E+01
  0.17786795E+00 -0.60766010E+01
  0.18898470E+00 -0.60774150E+01
  0.20010144E+00 -0.60782733E+01
  0.21121819E+00 -0.60791750E+01
  0.22233494E+00 -0.60801192E+01
  0.23345168E+00 -0.60811050E+01
  0.24456843E+00 -0.60821312E+01
  0.25568518E+00 -0.60831970E+01
  0.26680192E+00 -0.60843012E+01
  0.27791867E+00 -0.60854427E+01
  0.28903542E+00 -0.60866204E+01
  0.30015216E+00 -0.60878330E+01
  0.31126891E+00 -0.60890794E+01
  0.32238566E+00 -0.60903583E+01
  0.33350240E+00 -0.60916684E+01
  0.34461915E+00 -0.60930083E+01
  0.35573590E+00 -0.60943768E+01
  0.36685265E+00 -0.60957725E+01
  0.37796939E+00 -0.60971939E+01
  0.38908614E+00 -0.60986397E+01
  0.40020289E+00 -0.61001083E+01
  0.41131963E+00 -0.61015984E+01
  0.42243638E+00 -0.61031084E+01
  0.43355313E+00 -0.61046368E+01
  0.44466987E+00 -0.61061822E+01
  0.45578662E+00 -0.61077428E+01
  0.46690337E+00 -0.61093173E+01
  0.47802011E+00 -0.61109040E+01
  0.48913686E+00 -0.61125014E+01
  0.50025361E+00 -0.61141078E+01
  0.51137035E+00 -0.61157217E+01
  0.52248710E+00 -0.61173415E+01
  0.53360385E+00 -0.61189655E+01
  0.54472059E+00 -0.61205922E+01
  0.55583734E+00 -0.61222200E+01
  0.56695409E+00 -0.61238472E+01
  0.57807084E+00 -0.61254722E+01
  0.58918758E+00 -0.61270935E+01
  0.60030433E+00 -0.61287095E+01
  0.61142108E+00 -0.61303184E+01
  0.62253782E+00 -0.61319189E+01
  0.63365457E+00 -0.61335093E+01
  0.64477132E+00 -0.61350880E+01
  0.65588806E+00 -0.61366535E+01
  0.66700481E+00 -0.61382043E+01
  0.67812156E+00 -0.61397389E+01
  0.68923830E+00 -0.61412557E+01
  0.70035505E+00 -0.61427532E+01
  0.71147180E+00 -0.61442301E+01
  0.72258854E+00 -0.61456849E+01
  0.73370529E+00 -0.61471161E+01
  0.74482204E+00 -0.61485224E+01
  0.75593878E+00 -0.61499024E+01
  0.76705553E+00 -0.61512547E+01
  0.77817228E+00 -0.61525782E+01
  0.78928902E+00 -0.61538714E+01
  0.80040577E+00 -0.61551331E+01
  0.81152252E+00 -0.61563621E+01
  0.82263927E+00 -0.61575572E+01
  0.83375601E+00 -0.61587173E+01
  0.84487276E+00 -0.61598413E+01
  0.85598951E+00 -0.61609280E+01
  0.86710625E+00 -0.61619764E+01
  0.87822300E+00 -0.61629855E+01
  0.88933975E+00 -0.61639543E+01
  0.90045649E+00 -0.61648820E+01
  0.91157324E+00 -0.61657676E+01
  0.92268999E+00 -0.61666102E+01
  0.93380673E+00 -0.61674091E+01
  0.94492348E+00 -0.61681634E+01
  0.95604023E+00 -0.61688726E+01
  0.96715697E+00 -0.61695358E+01
  0.97827372E+00 -0.61701525E+01
  0.98939047E+00 -0.61707220E+01
  0.10005072E+01 -0.61712439E+01
  0.10116240E+01 -0.61717175E+01
  0.10227407E+01 -0.61721425E+01
  0.10338575E+01 -0.61725185E+01
  0.10449742E+01 -0.61728451E+01
  0.10560909E+01 -0.61731220E+01
  0.10672077E+01 -0.61733489E+01
  0.10783244E+01 -0.61735256E+01
  0.10894412E+01 -0.61736519E+01
  0.11005579E+01 -0.61737277E+01
  0.11116747E+01 -0.61737530E+01
  0.11229043E+01 -0.61737141E+01
  0.11341339E+01 -0.61735975E+01
  0.11453635E+01 -0.61734033E+01
  0.11565931E+01 -0.61731320E+01
  0.11678227E+01 -0.61727838E+01
  0.11790523E+01 -0.61723594E+01
  0.11902820E+01 -0.61718596E+01
  0.12015116E+01 -0.61712850E+01
  0.12127412E+01 -0.61706367E+01
  0.12239708E+01 -0.61699157E+01
  0.12352004E+01 -0.61691231E+01
  0.12464300E+01 -0.61682603E+01
  0.12576596E+01 -0.61673287E+01
  0.12688892E+01 -0.61663298E+01
  0.12801188E+01 -0.61652652E+01
  0.12913484E+01 -0.61641366E+01
  0.13025781E+01 -0.61629458E+01
  0.13138077E+01 -0.61616948E+01
  0.13250373E+01 -0.61603855E+01
  0.13362669E+01 -0.61590201E+01
  0.13474965E+01 -0.61576007E+01
  0.13587261E+01 -0.61561295E+01
  0.13699557E+01 -0.61546090E+01
  0.13811853E+01 -0.61530415E+01
  0.13924149E+01 -0.61514294E+01
  0.14036445E+01 -0.61497753E+01
  0.14148742E+01 -0.61480817E+01
  0.14261038E+01 -0.61463513E+01
  0.14373334E+01 -0.61445866E+01
  0.14485630E+01 -0.61427904E+01
  0.14597926E+01 -0.61409655E+01
  0.14710222E+01 -0.61391145E+01
  0.14822518E+01 -0.61372402E+01
  0.14934814E+01 -0.61353453E+01
  0.15047110E+01 -0.61334327E+01
  0.15047110E+01 -0.61334327E+01
  0.15158347E+01 -0.61315234E+01
  0.15269584E+01 -0.61296020E+01
  0.15380820E+01 -0.61276712E+01
  0.15492057E+01 -0.61257338E+01
  0.15603294E+01 -0.61237922E+01
  0.15714531E+01 -0.61218492E+01
  0.15825767E+01 -0.61199072E+01
  0.15937004E+01 -0.61179688E+01
  0.16048241E+01 -0.61160365E+01
  0.16159477E+01 -0.61141126E+01
  0.16270714E+01 -0.61121994E+01
  0.16381951E+01 -0.61102994E+01
  0.16493188E+01 -0.61084147E+01
  0.16604424E+01 -0.61065474E+01
  0.16715661E+01 -0.61046996E+01
  0.16826898E+01 -0.61028734E+01
  0.16938134E+01 -0.61010706E+01
  0.17049371E+01 -0.60992931E+01
  0.17160608E+01 -0.60975426E+01
  0.17271844E+01 -0.60958207E+01
  0.17383081E+01 -0.60941291E+01
  0.17494318E+01 -0.60924692E+01
  0.17605555E+01 -0.60926869E+01
  0.17716791E+01 -0.60939146E+01
  0.17828028E+01 -0.60950936E+01
  0.17939265E+01 -0.60962224E+01
  0.18050501E+01 -0.60972996E+01
  0.18161738E+01 -0.60983239E+01
  0.18272975E+01 -0.60992941E+01
  0.18384211E+01 -0.61002092E+01
  0.18495448E+01 -0.61010682E+01
  0.18606685E+01 -0.61018702E+01
  0.18717922E+01 -0.61026146E+01
  0.18829158E+01 -0.61033006E+01
  0.18940395E+01 -0.61039279E+01
  0.19051632E+01 -0.61044960E+01
  0.19162868E+01 -0.61050046E+01
  0.19274105E+01 -0.61054536E+01
  0.19385342E+01 -0.61058431E+01
  0.19496579E+01 -0.61061729E+01
  0.19607815E+01 -0.61064435E+01
  0.19719052E+01 -0.61066550E+01
  0.19830289E+01 -0.61068079E+01
  0.19941525E+01 -0.61069028E+01
  0.20052762E+01 -0.61069403E+01
  0.20163999E+01 -0.61069211E+01
  0.20275235E+01 -0.61068462E+01
  0.20386472E+01 -0.61067165E+01
  0.20497709E+01 -0.61065331E+01
  0.20608946E+01 -0.61062972E+01
  0.20720182E+01 -0.61060101E+01
  0.20831419E+01 -0.61056731E+01
  0.20942656E+01 -0.61052877E+01
  0.21053892E+01 -0.61048555E+01
  0.21165129E+01 -0.61043781E+01
  0.21276366E+01 -0.61038573E+01
  0.21387602E+01 -0.61032947E+01
  0.21498839E+01 -0.61026924E+01
  0.21610076E+01 -0.61020522E+01
  0.21721313E+01 -0.61013762E+01
  0.21832549E+01 -0.61006664E+01
  0.21943786E+01 -0.60999250E+01
  0.22055023E+01 -0.60991541E+01
  0.22166259E+01 -0.60983560E+01
  0.22277496E+01 -0.60975329E+01
  0.22388733E+01 -0.60966872E+01
  0.22499970E+01 -0.60958212E+01
  0.22611206E+01 -0.60949373E+01
  0.22722443E+01 -0.60940378E+01
  0.22833680E+01 -0.60931252E+01
  0.22944916E+01 -0.60922018E+01
  0.23056153E+01 -0.60912703E+01
  0.23167390E+01 -0.60903328E+01
  0.23278626E+01 -0.60893920E+01
  0.23389863E+01 -0.60884502E+01
  0.23501100E+01 -0.60875098E+01
  0.23612337E+01 -0.60865732E+01
  0.23723573E+01 -0.60856429E+01
  0.23834810E+01 -0.60847211E+01
  0.23946047E+01 -0.60838101E+01
  0.24057283E+01 -0.60829123E+01
  0.24168520E+01 -0.60820299E+01
  0.24279757E+01 -0.60811650E+01
  0.24390993E+01 -0.60803198E+01
  0.24502230E+01 -0.60794964E+01
  0.24613467E+01 -0.60786968E+01
  0.24724704E+01 -0.60779229E+01
  0.24835940E+01 -0.60771767E+01
  0.24947177E+01 -0.60764600E+01
  0.25058414E+01 -0.60757744E+01
  0.25169650E+01 -0.60751217E+01
  0.25280887E+01 -0.60745035E+01
  0.25392124E+01 -0.60739212E+01
  0.25503361E+01 -0.60733762E+01
  0.25614597E+01 -0.60728699E+01
  0.25725834E+01 -0.60724034E+01
  0.25837071E+01 -0.60719779E+01
  0.25948307E+01 -0.60715945E+01
  0.26059544E+01 -0.60712539E+01
  0.26170781E+01 -0.60709571E+01
  0.26282017E+01 -0.60707048E+01
  0.26393254E+01 -0.60704975E+01
  0.26504491E+01 -0.60703358E+01
  0.26615728E+01 -0.60702200E+01
  0.26726964E+01 -0.60701504E+01
  0.26838201E+01 -0.60701271E+01
  0.26948861E+01 -0.60701492E+01
  0.27059520E+01 -0.60702155E+01
  0.27170180E+01 -0.60703259E+01
  0.27280839E+01 -0.60704802E+01
  0.27391499E+01 -0.60706783E+01
  0.27502159E+01 -0.60709198E+01
  0.27612818E+01 -0.60712045E+01
  0.27723478E+01 -0.60715320E+01
  0.27834137E+01 -0.60719019E+01
  0.27944797E+01 -0.60723137E+01
  0.28055457E+01 -0.60727668E+01
  0.28166116E+01 -0.60732607E+01
  0.28276776E+01 -0.60737948E+01
  0.28387435E+01 -0.60743682E+01
  0.28498095E+01 -0.60749803E+01
  0.28608755E+01 -0.60756303E+01
  0.28719414E+01 -0.60763173E+01
  0.28830074E+01 -0.60770405E+01
  0.28940733E+01 -0.60777988E+01
  0.29051393E+01 -0.60785914E+01
  0.29162053E+01 -0.60794171E+01
  0.29272712E+01 -0.60802749E+01
  0.29383372E+01 -0.60811637E+01
  0.29494031E+01 -0.60820823E+01
  0.29604691E+01 -0.60830295E+01
  0.29715351E+01 -0.60840041E+01
  0.29826010E+01 -0.60850049E+01
  0.29936670E+01 -0.60860304E+01
  0.30047329E+01 -0.60870794E+01
  0.30157989E+01 -0.60881505E+01
  0.30268649E+01 -0.60892423E+01
  0.30379308E+01 -0.60903534E+01
  0.30489968E+01 -0.60914823E+01
  0.30600627E+01 -0.60926276E+01
  0.30711287E+01 -0.60937877E+01
  0.30821947E+01 -0.60949612E+01
  0.30932606E+01 -0.60961465E+01
  0.31043266E+01 -0.60973422E+01
  0.31153925E+01 -0.60985465E+01
  0.31264585E+01 -0.60997580E+01
  0.31375245E+01 -0.61009750E+01
  0.31485904E+01 -0.61021961E+01
  0.31596564E+01 -0.61034195E+01
  0.31707223E+01 -0.61046437E+01
  0.31817883E+01 -0.61058672E+01
  0.31928543E+01 -0.61070882E+01
  0.32039202E+01 -0.61083053E+01
  0.32149862E+01 -0.61095168E+01
  0.32260521E+01 -0.61107211E+01
  0.32371181E+01 -0.61119167E+01
  0.32481841E+01 -0.61131020E+01
  0.32592500E+01 -0.61142755E+01
  0.32703160E+01 -0.61154357E+01
  0.32813819E+01 -0.61165810E+01
  0.32924479E+01 -0.61177099E+01
  0.33035139E+01 -0.61188210E+01
  0.33145798E+01 -0.61199128E+01
  0.33256458E+01 -0.61209839E+01
  0.33367117E+01 -0.61220329E+01
  0.33477777E+01 -0.61230584E+01
  0.33588437E+01 -0.61240591E+01
  0.33699096E+01 -0.61250337E+01
  0.33809756E+01 -0.61259809E+01
  0.33920415E+01 -0.61268995E+01
  0.34031075E+01 -0.61277883E+01
  0.34141735E+01 -0.61286461E+01
  0.34252394E+01 -0.61294718E+01
  0.34363054E+01 -0.61302644E+01
  0.34473713E+01 -0.61310227E+01
  0.34584373E+01 -0.61317459E+01
  0.34695033E+01 -0.61324329E+01
  0.34805692E+01 -0.61330829E+01
  0.34916352E+01 -0.61336950E+01
  0.35027011E+01 -0.61342685E+01
  0.35137671E+01 -0.61348025E+01
  0.35248331E+01 -0.61352964E+01
  0.35358990E+01 -0.61357495E+01
  0.35469650E+01 -0.61361613E+01
  0.35580309E+01 -0.61365312E+01
  0.35690969E+01 -0.61368587E+01
  0.35801629E+01 -0.61371434E+01
  0.35912288E+01 -0.61373850E+01
  0.36022948E+01 -0.61375830E+01
  0.36133607E+01 -0.61377374E+01
  0.36244267E+01 -0.61378477E+01
  0.36354927E+01 -0.61379140E+01
  0.36465586E+01 -0.61379361E+01
  0.36576301E+01 -0.61379139E+01
  0.36687015E+01 -0.61378475E+01
  0.36797730E+01 -0.61377369E+01
  0.36908444E+01 -0.61375825E+01
  0.37019158E+01 -0.61373845E+01
  0.37129873E+01 -0.61371436E+01
  0.37240587E+01 -0.61368602E+01
  0.37351302E+01 -0.61365351E+01
  0.37462016E+01 -0.61361689E+01
  0.37572731E+01 -0.61357627E+01
  0.37683445E+01 -0.61353173E+01
  0.37794160E+01 -0.61348338E+01
  0.37904874E+01 -0.61343133E+01
  0.38015589E+01 -0.61337571E+01
  0.38126303E+01 -0.61331665E+01
  0.38237018E+01 -0.61325428E+01
  0.38347732E+01 -0.61318876E+01
  0.38458447E+01 -0.61312023E+01
  0.38569161E+01 -0.61304884E+01
  0.38679875E+01 -0.61297477E+01
  0.38790590E+01 -0.61289819E+01
  0.38901304E+01 -0.61281926E+01
  0.39012019E+01 -0.61273816E+01
  0.39122733E+01 -0.61265508E+01
  0.39233448E+01 -0.61257020E+01
  0.39344162E+01 -0.61248371E+01
  0.39454877E+01 -0.61239578E+01
  0.39565591E+01 -0.61230663E+01
  0.39676306E+01 -0.61221642E+01
  0.39787020E+01 -0.61212537E+01
  0.39897735E+01 -0.61203365E+01
  0.40008449E+01 -0.61194145E+01
  0.40119163E+01 -0.61184898E+01
  0.40229878E+01 -0.61175640E+01
  0.40340592E+01 -0.61166391E+01
  0.40451307E+01 -0.61157170E+01
  0.40562021E+01 -0.61147993E+01
  0.40672736E+01 -0.61138879E+01
  0.40783450E+01 -0.61129846E+01
  0.40894165E+01 -0.61120909E+01
  0.41004879E+01 -0.61112085E+01
  0.41115594E+01 -0.61103391E+01
  0.41226308E+01 -0.61094843E+01
  0.41337023E+01 -0.61086455E+01
  0.41447737E+01 -0.61078241E+01
  0.41558452E+01 -0.61070218E+01
  0.41669166E+01 -0.61062397E+01
  0.41779880E+01 -0.61054792E+01
  0.41890595E+01 -0.61047417E+01
  0.42001309E+01 -0.61040283E+01
  0.42112024E+01 -0.61033401E+01
  0.42222738E+01 -0.61026784E+01
  0.42333453E+01 -0.61020441E+01
  0.42444167E+01 -0.61014382E+01
  0.42554882E+01 -0.61008619E+01
  0.42665596E+01 -0.61003158E+01
  0.42776311E+01 -0.60998009E+01
  0.42887025E+01 -0.60993181E+01
  0.42997740E+01 -0.60988679E+01
  0.43108454E+01 -0.60984512E+01
  0.43219169E+01 -0.60980686E+01
  0.43329883E+01 -0.60977206E+01
  0.43440597E+01 -0.60974078E+01
  0.43551312E+01 -0.60971307E+01
  0.43662026E+01 -0.60968897E+01
  0.43772741E+01 -0.60966851E+01
  0.43883455E+01 -0.60965173E+01
  0.43994170E+01 -0.60963865E+01
  0.44104884E+01 -0.60962930E+01
  0.44215599E+01 -0.60962368E+01
  0.44326313E+01 -0.60962180E+01
  0.44437481E+01 -0.60986620E+01
  0.44548648E+01 -0.61011030E+01
  0.44659816E+01 -0.61035386E+01
  0.44770983E+01 -0.61059664E+01
  0.44882151E+01 -0.61083841E+01
  0.44993318E+01 -0.61107893E+01
  0.45104485E+01 -0.61131795E+01
  0.45215653E+01 -0.61155525E+01
  0.45326820E+01 -0.61179059E+01
  0.45437988E+01 -0.61202374E+01
  0.45549155E+01 -0.61225448E+01
  0.45660323E+01 -0.61248257E+01
  0.45771490E+01 -0.61270779E+01
  0.45882658E+01 -0.61292993E+01
  0.45993825E+01 -0.61314876E+01
  0.46104993E+01 -0.61336407E+01
  0.46216160E+01 -0.61357565E+01
  0.46327328E+01 -0.61378330E+01
  0.46438495E+01 -0.61398681E+01
  0.46549663E+01 -0.61418598E+01
  0.46660830E+01 -0.61438062E+01
  0.46771997E+01 -0.61457054E+01
  0.46883165E+01 -0.61475555E+01
  0.46994332E+01 -0.61493548E+01
  0.47105500E+01 -0.61511015E+01
  0.47216667E+01 -0.61527939E+01
  0.47327835E+01 -0.61544304E+01
  0.47439002E+01 -0.61560093E+01
  0.47550170E+01 -0.61575291E+01
  0.47661337E+01 -0.61589884E+01
  0.47772505E+01 -0.61603858E+01
  0.47883672E+01 -0.61617198E+01
  0.47994840E+01 -0.61629892E+01
  0.48106007E+01 -0.61641928E+01
  0.48217175E+01 -0.61653294E+01
  0.48328342E+01 -0.61663979E+01
  0.48439510E+01 -0.61673973E+01
  0.48550677E+01 -0.61683265E+01
  0.48661844E+01 -0.61691848E+01
  0.48773012E+01 -0.61699712E+01
  0.48884179E+01 -0.61706851E+01
  0.48995347E+01 -0.61713256E+01
  0.49106514E+01 -0.61718923E+01
  0.49217682E+01 -0.61723845E+01
  0.49328849E+01 -0.61728019E+01
  0.49440017E+01 -0.61731438E+01
  0.49551184E+01 -0.61734102E+01
  0.49662352E+01 -0.61736006E+01
  0.49773519E+01 -0.61737149E+01
  0.49884687E+01 -0.61737530E+01
  
  0.00000000E+00 -0.60701271E+01
  0.11116747E-01 -0.60701146E+01
  0.22233494E-01 -0.60700769E+01
  0.33350240E-01 -0.60700142E+01
  0.44466987E-01 -0.60699265E+01
  0.55583734E-01 -0.60698139E+01
  0.66700481E-01 -0.60696764E+01
  0.77817228E-01 -0.60695142E+01
  0.88933975E-01 -0.60693275E+01
  0.10005072E+00 -0.60691165E+01
  0.11116747E+00 -0.60688812E+01
  0.12228422E+00 -0.60686220E+01
  0.13340096E+00 -0.60683391E+01
  0.14451771E+00 -0.60680327E+01
  0.15563446E+00 -0.60677032E+01
  0.16675120E+00 -0.60673508E+01
  0.17786795E+00 -0.60669758E+01
  0.18898470E+00 -0.60665787E+01
  0.20010144E+00 -0.60661597E+01
  0.21121819E+00 -0.60657193E+01
  0.22233494E+00 -0.60652579E+01
  0.23345168E+00 -0.60647759E+01
  0.24456843E+00 -0.60642738E+01
  0.25568518E+00 -0.60637519E+01
  0.26680192E+00 -0.60632109E+01
  0.27791867E+00 -0.60626513E+01
  0.28903542E+00 -0.60620735E+01
  0.30015216E+00 -0.60614781E+01
  0.31126891E+00 -0.60608656E+01
  0.32238566E+00 -0.60602367E+01
  0.33350240E+00 -0.60595919E+01
  0.34461915E+00 -0.60589319E+01
  0.35573590E+00 -0.60582573E+01
  0.36685265E+00 -0.60575686E+01
  0.37796939E+00 -0.60568666E+01
  0.38908614E+00 -0.60561520E+01
  0.40020289E+00 -0.60554254E+01
  0.41131963E+00 -0.60546875E+01
  0.42243638E+00 -0.60539391E+01
  0.43355313E+00 -0.60531808E+01
  0.44466987E+00 -0.60524134E+01
  0.45578662E+00 -0.60516376E+01
  0.46690337E+00 -0.60508542E+01
  0.47802011E+00 -0.60500639E+01
  0.48913686E+00 -0.60492675E+01
  0.50025361E+00 -0.60484658E+01
  0.51137035E+00 -0.60476596E+01
  0.52248710E+00 -0.60468496E+01
  0.53360385E+00 -0.60460366E+01
  0.54472059E+00 -0.60452215E+01
  0.55583734E+00 -0.60444051E+01
  0.56695409E+00 -0.60435881E+01
  0.57807084E+00 -0.60427713E+01
  0.58918758E+00 -0.60419556E+01
  0.60030433E+00 -0.60411418E+01
  0.61142108E+00 -0.60403306E+01
  0.62253782E+00 -0.60395230E+01
  0.63365457E+00 -0.60387196E+01
  0.64477132E+00 -0.60379213E+01
  0.65588806E+00 -0.60371290E+01
  0.66700481E+00 -0.60363433E+01
  0.67812156E+00 -0.60355651E+01
  0.68923830E+00 -0.60347952E+01
  0.70035505E+00 -0.60340343E+01
  0.71147180E+00 -0.60332832E+01
  0.72258854E+00 -0.60325428E+01
  0.73370529E+00 -0.60318136E+01
  0.74482204E+00 -0.60310965E+01
  0.75593878E+00 -0.60303922E+01
  0.76705553E+00 -0.60297014E+01
  0.77817228E+00 -0.60290248E+01
  0.78928902E+00 -0.60283632E+01
  0.80040577E+00 -0.60277171E+01
  0.81152252E+00 -0.60270873E+01
  0.82263927E+00 -0.60264744E+01
  0.83375601E+00 -0.60258790E+01
  0.84487276E+00 -0.60253017E+01
  0.85598951E+00 -0.60247432E+01
  0.86710625E+00 -0.60242041E+01
  0.87822300E+00 -0.60236848E+01
  0.88933975E+00 -0.60231859E+01
  0.90045649E+00 -0.60227079E+01
  0.91157324E+00 -0.60222514E+01
  0.92268999E+00 -0.60218167E+01
  0.93380673E+00 -0.60214045E+01
  0.94492348E+00 -0.60210150E+01
  0.95604023E+00 -0.60206487E+01
  0.96715697E+00 -0.60203059E+01
  0.97827372E+00 -0.60199871E+01
  0.98939047E+00 -0.60196926E+01
  0.10005072E+01 -0.60194226E+01
  0.10116240E+01 -0.60191775E+01
  0.10227407E+01 -0.60189575E+01
  0.10338575E+01 -0.60187628E+01
  0.10449742E+01 -0.60185936E+01
  0.10560909E+01 -0.60184502E+01
  0.10672077E+01 -0.60183327E+01
  0.10783244E+01 -0.60182411E+01
  0.10894412E+01 -0.60181757E+01
  0.11005579E+01 -0.60181364E+01
  0.11116747E+01 -0.60181232E+01
  0.11229043E+01 -0.60181600E+01
  0.11341339E+01 -0.60182702E+01
  0.11453635E+01 -0.60184536E+01
  0.11565931E+01 -0.60187100E+01
  0.11678227E+01 -0.60190389E+01
  0.11790523E+01 -0.60194397E+01
  0.11902820E+01 -0.60199116E+01
  0.12015116E+01 -0.60204540E+01
  0.12127412E+01 -0.60210658E+01
  0.12239708E+01 -0.60217460E+01
  0.12352004E+01 -0.60224934E+01
  0.12464300E+01 -0.60233067E+01
  0.12576596E+01 -0.60241845E+01
  0.12688892E+01 -0.60251252E+01
  0.12801188E+01 -0.60261273E+01
  0.12913484E+01 -0.60271889E+01
  0.13025781E+01 -0.60283084E+01
  0.13138077E+01 -0.60294836E+01
  0.13250373E+01 -0.60307126E+01
  0.13362669E+01 -0.60319933E+01
  0.13474965E+01 -0.60333234E+01
  0.13587261E+01 -0.60347008E+01
  0.13699557E+01 -0.60361229E+01
  0.13811853E+01 -0.60375874E+01
  0.13924149E+01 -0.60390918E+01
  0.14036445E+01 -0.60406335E+01
  0.14148742E+01 -0.60422098E+01
  0.14261038E+01 -0.60438182E+01
  0.14373334E+01 -0.60454558E+01
  0.14485630E+01 -0.60471199E+01
  0.14597926E+01 -0.60488077E+01
  0.14710222E+01 -0.60505163E+01
  0.14822518E+01 -0.60522429E+01
  0.14934814E+01 -0.60539845E+01
  0.15047110E+01 -0.60557384E+01
  0.15047110E+01 -0.60557384E+01
  0.15158347E+01 -0.60574848E+01
  0.15269584E+01 -0.60592375E+01
  0.15380820E+01 -0.60609935E+01
  0.15492057E+01 -0.60627502E+01
  0.15603294E+01 -0.60645046E+01
  0.15714531E+01 -0.60662540E+01
  0.15825767E+01 -0.60679955E+01
  0.15937004E+01 -0.60697264E+01
  0.16048241E+01 -0.60714441E+01
  0.16159477E+01 -0.60731457E+01
  0.16270714E+01 -0.60748287E+01
  0.16381951E+01 -0.60764905E+01
  0.16493188E+01 -0.60781285E+01
  0.16604424E+01 -0.60797402E+01
  0.16715661E+01 -0.60813233E+01
  0.16826898E+01 -0.60828753E+01
  0.16938134E+01 -0.60843939E+01
  0.17049371E+01 -0.60858770E+01
  0.17160608E+01 -0.60873224E+01
  0.17271844E+01 -0.60887280E+01
  0.17383081E+01 -0.60900918E+01
  0.17494318E+01 -0.60914121E+01
  0.17605555E+01 -0.60908424E+01
  0.17716791E+01 -0.60892500E+01
  0.17828028E+01 -0.60876931E+01
  0.17939265E+01 -0.60861730E+01
  0.18050501E+01 -0.60846906E+01
  0.18161738E+01 -0.60832469E+01
  0.18272975E+01 -0.60818427E+01
  0.18384211E+01 -0.60804788E+01
  0.18495448E+01 -0.60791559E+01
  0.18606685E+01 -0.60778746E+01
  0.18717922E+01 -0.60766355E+01
  0.18829158E+01 -0.60754390E+01
  0.18940395E+01 -0.60742856E+01
  0.19051632E+01 -0.60731756E+01
  0.19162868E+01 -0.60721092E+01
  0.19274105E+01 -0.60710868E+01
  0.19385342E+01 -0.60701084E+01
  0.19496579E+01 -0.60691743E+01
  0.19607815E+01 -0.60682844E+01
  0.19719052E+01 -0.60674388E+01
  0.19830289E+01 -0.60666375E+01
  0.19941525E+01 -0.60658804E+01
  0.20052762E+01 -0.60651674E+01
  0.20163999E+01 -0.60644983E+01
  0.20275235E+01 -0.60638730E+01
  0.20386472E+01 -0.60632912E+01
  0.20497709E+01 -0.60627526E+01
  0.20608946E+01 -0.60622570E+01
  0.20720182E+01 -0.60618039E+01
  0.20831419E+01 -0.60613930E+01
  0.20942656E+01 -0.60610238E+01
  0.21053892E+01 -0.60606957E+01
  0.21165129E+01 -0.60604083E+01
  0.21276366E+01 -0.60601609E+01
  0.21387602E+01 -0.60599529E+01
  0.21498839E+01 -0.60597835E+01
  0.21610076E+01 -0.60596519E+01
  0.21721313E+01 -0.60595574E+01
  0.21832549E+01 -0.60594989E+01
  0.21943786E+01 -0.60594754E+01
  0.22055023E+01 -0.60594861E+01
  0.22166259E+01 -0.60595296E+01
  0.22277496E+01 -0.60596049E+01
  0.22388733E+01 -0.60597107E+01
  0.22499970E+01 -0.60598456E+01
  0.22611206E+01 -0.60600082E+01
  0.22722443E+01 -0.60601972E+01
  0.22833680E+01 -0.60604109E+01
  0.22944916E+01 -0.60606478E+01
  0.23056153E+01 -0.60609063E+01
  0.23167390E+01 -0.60611846E+01
  0.23278626E+01 -0.60614811E+01
  0.23389863E+01 -0.60617940E+01
  0.23501100E+01 -0.60621214E+01
  0.23612337E+01 -0.60624616E+01
  0.23723573E+01 -0.60628499E+01
  0.23834810E+01 -0.60633292E+01
  0.23946047E+01 -0.60637954E+01
  0.24057283E+01 -0.60642480E+01
  0.24168520E+01 -0.60646867E+01
  0.24279757E+01 -0.60651108E+01
  0.24390993E+01 -0.60655202E+01
  0.24502230E+01 -0.60659143E+01
  0.24613467E+01 -0.60662928E+01
  0.24724704E+01 -0.60666552E+01
  0.24835940E+01 -0.60670014E+01
  0.24947177E+01 -0.60673308E+01
  0.25058414E+01 -0.60676432E+01
  0.25169650E+01 -0.60679383E+01
  0.25280887E+01 -0.60682157E+01
  0.25392124E+01 -0.60684753E+01
  0.25503361E+01 -0.60687167E+01
  0.25614597E+01 -0.60689396E+01
  0.25725834E+01 -0.60691440E+01
  0.25837071E+01 -0.60693295E+01
  0.25948307E+01 -0.60694960E+01
  0.26059544E+01 -0.60696433E+01
  0.26170781E+01 -0.60697713E+01
  0.26282017E+01 -0.60698798E+01
  0.26393254E+01 -0.60699687E+01
  0.26504491E+01 -0.60700380E+01
  0.26615728E+01 -0.60700875E+01
  0.26726964E+01 -0.60701172E+01
  0.26838201E+01 -0.60701271E+01
  0.26948861E+01 -0.60701165E+01
  0.27059520E+01 -0.60700844E+01
  0.27170180E+01 -0.60700311E+01
  0.27280839E+01 -0.60699566E+01
  0.27391499E+01 -0.60698610E+01
  0.27502159E+01 -0.60697445E+01
  0.27612818E+01 -0.60696075E+01
  0.27723478E+01 -0.60694500E+01
  0.27834137E+01 -0.60692724E+01
  0.27944797E+01 -0.60690752E+01
  0.28055457E+01 -0.60688585E+01
  0.28166116E+01 -0.60686229E+01
  0.28276776E+01 -0.60683688E+01
  0.28387435E+01 -0.60680967E+01
  0.28498095E+01 -0.60678071E+01
  0.28608755E+01 -0.60675005E+01
  0.28719414E+01 -0.60671776E+01
  0.28830074E+01 -0.60668390E+01
  0.28940733E+01 -0.60664854E+01
  0.29051393E+01 -0.60661173E+01
  0.29162053E+01 -0.60657355E+01
  0.29272712E+01 -0.60653408E+01
  0.29383372E+01 -0.60649340E+01
  0.29494031E+01 -0.60645157E+01
  0.29604691E+01 -0.60640868E+01
  0.29715351E+01 -0.60636481E+01
  0.29826010E+01 -0.60632006E+01
  0.29936670E+01 -0.60627449E+01
  0.30047329E+01 -0.60622820E+01
  0.30157989E+01 -0.60618128E+01
  0.30268649E+01 -0.60613382E+01
  0.30379308E+01 -0.60608590E+01
  0.30489968E+01 -0.60603762E+01
  0.30600627E+01 -0.60598907E+01
  0.30711287E+01 -0.60594032E+01
  0.30821947E+01 -0.60589149E+01
  0.30932606E+01 -0.60584264E+01
  0.31043266E+01 -0.60579387E+01
  0.31153925E+01 -0.60574527E+01
  0.31264585E+01 -0.60569691E+01
  0.31375245E+01 -0.60564889E+01
  0.31485904E+01 -0.60560127E+01
  0.31596564E+01 -0.60555414E+01
  0.31707223E+01 -0.60550757E+01
  0.31817883E+01 -0.60546163E+01
  0.31928543E+01 -0.60541640E+01
  0.32039202E+01 -0.60537193E+01
  0.32149862E+01 -0.60532828E+01
  0.32260521E+01 -0.60528551E+01
  0.32371181E+01 -0.60524368E+01
  0.32481841E+01 -0.60520283E+01
  0.32592500E+01 -0.60516301E+01
  0.32703160E+01 -0.60512425E+01
  0.32813819E+01 -0.60508660E+01
  0.32924479E+01 -0.60505008E+01
  0.33035139E+01 -0.60501472E+01
  0.33145798E+01 -0.60498054E+01
  0.33256458E+01 -0.60494757E+01
  0.33367117E+01 -0.60491581E+01
  0.33477777E+01 -0.60488529E+01
  0.33588437E+01 -0.60485599E+01
  0.33699096E+01 -0.60482794E+01
  0.33809756E+01 -0.60480113E+01
  0.33920415E+01 -0.60477555E+01
  0.34031075E+01 -0.60475121E+01
  0.34141735E+01 -0.60472809E+01
  0.34252394E+01 -0.60470619E+01
  0.34363054E+01 -0.60468549E+01
  0.34473713E+01 -0.60466599E+01
  0.34584373E+01 -0.60464766E+01
  0.34695033E+01 -0.60463050E+01
  0.34805692E+01 -0.60461448E+01
  0.34916352E+01 -0.60459960E+01
  0.35027011E+01 -0.60458583E+01
  0.35137671E+01 -0.60457316E+01
  0.35248331E+01 -0.60456157E+01
  0.35358990E+01 -0.60455105E+01
  0.35469650E+01 -0.60454158E+01
  0.35580309E+01 -0.60453315E+01
  0.35690969E+01 -0.60452574E+01
  0.35801629E+01 -0.60451935E+01
  0.35912288E+01 -0.60451396E+01
  0.36022948E+01 -0.60450956E+01
  0.36133607E+01 -0.60450615E+01
  0.36244267E+01 -0.60450371E+01
  0.36354927E+01 -0.60450225E+01
  0.36465586E+01 -0.60450177E+01
  0.36576301E+01 -0.60450403E+01
  0.36687015E+01 -0.60451082E+01
  0.36797730E+01 -0.60452212E+01
  0.36908444E+01 -0.60453793E+01
  0.37019158E+01 -0.60455823E+01
  0.37129873E+01 -0.60458299E+01
  0.37240587E+01 -0.60461219E+01
  0.37351302E+01 -0.60464580E+01
  0.37462016E+01 -0.60468377E+01
  0.37572731E+01 -0.60472607E+01
  0.37683445E+01 -0.60477263E+01
  0.37794160E+01 -0.60482341E+01
  0.37904874E+01 -0.60487833E+01
  0.38015589E+01 -0.60493734E+01
  0.38126303E+01 -0.60500034E+01
  0.38237018E+01 -0.60506725E+01
  0.38347732E+01 -0.60513797E+01
  0.38458447E+01 -0.60521241E+01
  0.38569161E+01 -0.60529044E+01
  0.38679875E+01 -0.60537196E+01
  0.38790590E+01 -0.60545683E+01
  0.38901304E+01 -0.60554491E+01
  0.39012019E+01 -0.60563606E+01
  0.39122733E+01 -0.60573012E+01
  0.39233448E+01 -0.60582693E+01
  0.39344162E+01 -0.60592632E+01
  0.39454877E+01 -0.60602811E+01
  0.39565591E+01 -0.60613211E+01
  0.39676306E+01 -0.60623813E+01
  0.39787020E+01 -0.60634596E+01
  0.39897735E+01 -0.60645541E+01
  0.40008449E+01 -0.60656625E+01
  0.40119163E+01 -0.60667828E+01
  0.40229878E+01 -0.60679125E+01
  0.40340592E+01 -0.60690495E+01
  0.40451307E+01 -0.60701915E+01
  0.40562021E+01 -0.60713361E+01
  0.40672736E+01 -0.60724809E+01
  0.40783450E+01 -0.60736236E+01
  0.40894165E+01 -0.60747617E+01
  0.41004879E+01 -0.60758929E+01
  0.41115594E+01 -0.60770148E+01
  0.41226308E+01 -0.60781249E+01
  0.41337023E+01 -0.60792210E+01
  0.41447737E+01 -0.60803006E+01
  0.41558452E+01 -0.60813614E+01
  0.41669166E+01 -0.60824013E+01
  0.41779880E+01 -0.60834178E+01
  0.41890595E+01 -0.60844089E+01
  0.42001309E+01 -0.60853723E+01
  0.42112024E+01 -0.60863060E+01
  0.42222738E+01 -0.60872080E+01
  0.42333453E+01 -0.60880763E+01
  0.42444167E+01 -0.60889090E+01
  0.42554882E+01 -0.60897043E+01
  0.42665596E+01 -0.60904605E+01
  0.42776311E+01 -0.60911759E+01
  0.42887025E+01 -0.60918490E+01
  0.42997740E+01 -0.60924783E+01
  0.43108454E+01 -0.60930624E+01
  0.43219169E+01 -0.60936001E+01
  0.43329883E+01 -0.60940901E+01
  0.43440597E+01 -0.60945315E+01
  0.43551312E+01 -0.60949233E+01
  0.43662026E+01 -0.60952645E+01
  0.43772741E+01 -0.60955545E+01
  0.43883455E+01 -0.60957927E+01
  0.43994170E+01 -0.60959785E+01
  0.44104884E+01 -0.60961115E+01
  0.44215599E+01 -0.60961914E+01
  0.44326313E+01 -0.60962180E+01
  0.44437481E+01 -0.60937735E+01
  0.44548648E+01 -0.60913309E+01
  0.44659816E+01 -0.60888925E+01
  0.44770983E+01 -0.60864608E+01
  0.44882151E+01 -0.60840382E+01
  0.44993318E+01 -0.60816271E+01
  0.45104485E+01 -0.60792299E+01
  0.45215653E+01 -0.60768489E+01
  0.45326820E+01 -0.60744866E+01
  0.45437988E+01 -0.60721452E+01
  0.45549155E+01 -0.60698271E+01
  0.45660323E+01 -0.60675345E+01
  0.45771490E+01 -0.60652699E+01
  0.45882658E+01 -0.60630353E+01
  0.45993825E+01 -0.60608331E+01
  0.46104993E+01 -0.60586655E+01
  0.46216160E+01 -0.60565345E+01
  0.46327328E+01 -0.60544424E+01
  0.46438495E+01 -0.60523911E+01
  0.46549663E+01 -0.60503829E+01
  0.46660830E+01 -0.60484196E+01
  0.46771997E+01 -0.60465032E+01
  0.46883165E+01 -0.60446357E+01
  0.46994332E+01 -0.60428189E+01
  0.47105500E+01 -0.60410546E+01
  0.47216667E+01 -0.60393447E+01
  0.47327835E+01 -0.60376907E+01
  0.47439002E+01 -0.60360945E+01
  0.47550170E+01 -0.60345574E+01
  0.47661337E+01 -0.60330813E+01
  0.47772505E+01 -0.60316674E+01
  0.47883672E+01 -0.60303172E+01
  0.47994840E+01 -0.60290321E+01
  0.48106007E+01 -0.60278134E+01
  0.48217175E+01 -0.60266622E+01
  0.48328342E+01 -0.60255799E+01
  0.48439510E+01 -0.60245673E+01
  0.48550677E+01 -0.60236256E+01
  0.48661844E+01 -0.60227557E+01
  0.48773012E+01 -0.60219585E+01
  0.48884179E+01 -0.60212348E+01
  0.48995347E+01 -0.60205853E+01
  0.49106514E+01 -0.60200106E+01
  0.49217682E+01 -0.60195114E+01
  0.49328849E+01 -0.60190881E+01
  0.49440017E+01 -0.60187412E+01
  0.49551184E+01 -0.60184711E+01
  0.49662352E+01 -0.60182779E+01
  0.49773519E+01 -0.60181619E+01
  0.49884687E+01 -0.60181232E+01
  
  0.00000000E+00 -0.60701271E+01
  0.11116747E-01 -0.60701146E+01
  0.22233494E-01 -0.60700769E+01
  0.33350240E-01 -0.60700142E+01
  0.44466987E-01 -0.60699265E+01
  0.55583734E-01 -0.60698139E+01
  0.66700481E-01 -0.60696764E+01
  0.77817228E-01 -0.60695142E+01
  0.88933975E-01 -0.60693275E+01
  0.10005072E+00 -0.60691165E+01
  0.11116747E+00 -0.60688812E+01
  0.12228422E+00 -0.60686220E+01
  0.13340096E+00 -0.60683391E+01
  0.14451771E+00 -0.60680327E+01
  0.15563446E+00 -0.60677032E+01
  0.16675120E+00 -0.60673508E+01
  0.17786795E+00 -0.60669758E+01
  0.18898470E+00 -0.60665787E+01
  0.20010144E+00 -0.60661597E+01
  0.21121819E+00 -0.60657193E+01
  0.22233494E+00 -0.60652579E+01
  0.23345168E+00 -0.60647759E+01
  0.24456843E+00 -0.60642738E+01
  0.25568518E+00 -0.60637519E+01
  0.26680192E+00 -0.60632109E+01
  0.27791867E+00 -0.60626513E+01
  0.28903542E+00 -0.60620735E+01
  0.30015216E+00 -0.60614781E+01
  0.31126891E+00 -0.60608656E+01
  0.32238566E+00 -0.60602367E+01
  0.33350240E+00 -0.60595919E+01
  0.34461915E+00 -0.60589319E+01
  0.35573590E+00 -0.60582573E+01
  0.36685265E+00 -0.60575686E+01
  0.37796939E+00 -0.60568666E+01
  0.38908614E+00 -0.60561520E+01
  0.40020289E+00 -0.60554254E+01
  0.41131963E+00 -0.60546875E+01
  0.42243638E+00 -0.60539391E+01
  0.43355313E+00 -0.60531808E+01
  0.44466987E+00 -0.60524134E+01
  0.45578662E+00 -0.60516376E+01
  0.46690337E+00 -0.60508542E+01
  0.47802011E+00 -0.60500639E+01
  0.48913686E+00 -0.60492675E+01
  0.50025361E+00 -0.60484658E+01
  0.51137035E+00 -0.60476596E+01
  0.52248710E+00 -0.60468496E+01
  0.53360385E+00 -0.60460366E+01
  0.54472059E+00 -0.60452215E+01
  0.55583734E+00 -0.60444051E+01
  0.56695409E+00 -0.60435881E+01
  0.57807084E+00 -0.60427713E+01
  0.58918758E+00 -0.60419556E+01
  0.60030433E+00 -0.60411418E+01
  0.61142108E+00 -0.60403306E+01
  0.62253782E+00 -0.60395230E+01
  0.63365457E+00 -0.60387196E+01
  0.64477132E+00 -0.60379213E+01
  0.65588806E+00 -0.60371290E+01
  0.66700481E+00 -0.60363433E+01
  0.67812156E+00 -0.60355651E+01
  0.68923830E+00 -0.60347952E+01
  0.70035505E+00 -0.60340343E+01
  0.71147180E+00 -0.60332832E+01
  0.72258854E+00 -0.60325428E+01
  0.73370529E+00 -0.60318136E+01
  0.74482204E+00 -0.60310965E+01
  0.75593878E+00 -0.60303922E+01
  0.76705553E+00 -0.60297014E+01
  0.77817228E+00 -0.60290248E+01
  0.78928902E+00 -0.60283632E+01
  0.80040577E+00 -0.60277171E+01
  0.81152252E+00 -0.60270873E+01
  0.82263927E+00 -0.60264744E+01
  0.83375601E+00 -0.60258790E+01
  0.84487276E+00 -0.60253017E+01
  0.85598951E+00 -0.60247432E+01
  0.86710625E+00 -0.60242041E+01
  0.87822300E+00 -0.60236848E+01
  0.88933975E+00 -0.60231859E+01
  0.90045649E+00 -0.60227079E+01
  0.91157324E+00 -0.60222514E+01
  0.92268999E+00 -0.60218167E+01
  0.93380673E+00 -0.60214045E+01
  0.94492348E+00 -0.60210150E+01
  0.95604023E+00 -0.60206487E+01
  0.96715697E+00 -0.60203059E+01
  0.97827372E+00 -0.60199871E+01
  0.98939047E+00 -0.60196926E+01
  0.10005072E+01 -0.60194226E+01
  0.10116240E+01 -0.60191775E+01
  0.10227407E+01 -0.60189575E+01
  0.10338575E+01 -0.60187628E+01
  0.10449742E+01 -0.60185936E+01
  0.10560909E+01 -0.60184502E+01
  0.10672077E+01 -0.60183327E+01
  0.10783244E+01 -0.60182411E+01
  0.10894412E+01 -0.60181757E+01
  0.11005579E+01 -0.60181364E+01
  0.11116747E+01 -0.60181232E+01
  0.11229043E+01 -0.60181262E+01
  0.11341339E+01 -0.60181352E+01
  0.11453635E+01 -0.60181502E+01
  0.11565931E+01 -0.60181711E+01
  0.11678227E+01 -0.60181982E+01
  0.11790523E+01 -0.60182312E+01
  0.11902820E+01 -0.60182705E+01
  0.12015116E+01 -0.60183158E+01
  0.12127412E+01 -0.60183674E+01
  0.12239708E+01 -0.60184253E+01
  0.12352004E+01 -0.60184895E+01
  0.12464300E+01 -0.60185602E+01
  0.12576596E+01 -0.60186373E+01
  0.12688892E+01 -0.60187211E+01
  0.12801188E+01 -0.60188116E+01
  0.12913484E+01 -0.60189088E+01
  0.13025781E+01 -0.60190130E+01
  0.13138077E+01 -0.60191242E+01
  0.13250373E+01 -0.60192425E+01
  0.13362669E+01 -0.60193680E+01
  0.13474965E+01 -0.60195009E+01
  0.13587261E+01 -0.60196413E+01
  0.13699557E+01 -0.60197893E+01
  0.13811853E+01 -0.60199450E+01
  0.13924149E+01 -0.60201086E+01
  0.14036445E+01 -0.60202802E+01
  0.14148742E+01 -0.60204599E+01
  0.14261038E+01 -0.60206479E+01
  0.14373334E+01 -0.60208443E+01
  0.14485630E+01 -0.60210492E+01
  0.14597926E+01 -0.60212627E+01
  0.14710222E+01 -0.60214850E+01
  0.14822518E+01 -0.60217163E+01
  0.14934814E+01 -0.60219565E+01
  0.15047110E+01 -0.60222060E+01
  0.15047110E+01 -0.60222060E+01
  0.15158347E+01 -0.60224621E+01
  0.15269584E+01 -0.60227275E+01
  0.15380820E+01 -0.60230022E+01
  0.15492057E+01 -0.60232862E+01
  0.15603294E+01 -0.60235798E+01
  0.15714531E+01 -0.60238828E+01
  0.15825767E+01 -0.60241956E+01
  0.15937004E+01 -0.60245180E+01
  0.16048241E+01 -0.60248502E+01
  0.16159477E+01 -0.60251922E+01
  0.16270714E+01 -0.60255441E+01
  0.16381951E+01 -0.60259058E+01
  0.16493188E+01 -0.60262775E+01
  0.16604424E+01 -0.60266591E+01
  0.16715661E+01 -0.60270507E+01
  0.16826898E+01 -0.60274522E+01
  0.16938134E+01 -0.60278636E+01
  0.17049371E+01 -0.60282848E+01
  0.17160608E+01 -0.60287160E+01
  0.17271844E+01 -0.60291569E+01
  0.17383081E+01 -0.60296075E+01
  0.17494318E+01 -0.60300677E+01
  0.17605555E+01 -0.60305375E+01
  0.17716791E+01 -0.60310167E+01
  0.17828028E+01 -0.60315053E+01
  0.17939265E+01 -0.60320030E+01
  0.18050501E+01 -0.60325097E+01
  0.18161738E+01 -0.60330254E+01
  0.18272975E+01 -0.60335497E+01
  0.18384211E+01 -0.60340825E+01
  0.18495448E+01 -0.60346237E+01
  0.18606685E+01 -0.60351729E+01
  0.18717922E+01 -0.60357300E+01
  0.18829158E+01 -0.60362947E+01
  0.18940395E+01 -0.60368668E+01
  0.19051632E+01 -0.60374459E+01
  0.19162868E+01 -0.60380318E+01
  0.19274105E+01 -0.60386242E+01
  0.19385342E+01 -0.60392228E+01
  0.19496579E+01 -0.60398272E+01
  0.19607815E+01 -0.60404371E+01
  0.19719052E+01 -0.60410522E+01
  0.19830289E+01 -0.60416720E+01
  0.19941525E+01 -0.60422963E+01
  0.20052762E+01 -0.60429245E+01
  0.20163999E+01 -0.60435564E+01
  0.20275235E+01 -0.60441914E+01
  0.20386472E+01 -0.60448293E+01
  0.20497709E+01 -0.60454694E+01
  0.20608946E+01 -0.60461115E+01
  0.20720182E+01 -0.60467549E+01
  0.20831419E+01 -0.60473994E+01
  0.20942656E+01 -0.60480444E+01
  0.21053892E+01 -0.60486893E+01
  0.21165129E+01 -0.60493338E+01
  0.21276366E+01 -0.60499774E+01
  0.21387602E+01 -0.60506195E+01
  0.21498839E+01 -0.60512596E+01
  0.21610076E+01 -0.60518973E+01
  0.21721313E+01 -0.60525319E+01
  0.21832549E+01 -0.60531631E+01
  0.21943786E+01 -0.60537902E+01
  0.22055023E+01 -0.60544128E+01
  0.22166259E+01 -0.60550302E+01
  0.22277496E+01 -0.60556421E+01
  0.22388733E+01 -0.60562479E+01
  0.22499970E+01 -0.60568470E+01
  0.22611206E+01 -0.60574389E+01
  0.22722443E+01 -0.60580231E+01
  0.22833680E+01 -0.60585991E+01
  0.22944916E+01 -0.60591663E+01
  0.23056153E+01 -0.60597243E+01
  0.23167390E+01 -0.60602726E+01
  0.23278626E+01 -0.60608105E+01
  0.23389863E+01 -0.60613377E+01
  0.23501100E+01 -0.60618537E+01
  0.23612337E+01 -0.60623579E+01
  0.23723573E+01 -0.60628126E+01
  0.23834810E+01 -0.60631726E+01
  0.23946047E+01 -0.60635397E+01
  0.24057283E+01 -0.60639120E+01
  0.24168520E+01 -0.60642877E+01
  0.24279757E+01 -0.60646648E+01
  0.24390993E+01 -0.60650416E+01
  0.24502230E+01 -0.60654162E+01
  0.24613467E+01 -0.60657868E+01
  0.24724704E+01 -0.60661516E+01
  0.24835940E+01 -0.60665090E+01
  0.24947177E+01 -0.60668573E+01
  0.25058414E+01 -0.60671949E+01
  0.25169650E+01 -0.60675202E+01
  0.25280887E+01 -0.60678318E+01
  0.25392124E+01 -0.60681283E+01
  0.25503361E+01 -0.60684084E+01
  0.25614597E+01 -0.60686708E+01
  0.25725834E+01 -0.60689143E+01
  0.25837071E+01 -0.60691380E+01
  0.25948307E+01 -0.60693408E+01
  0.26059544E+01 -0.60695219E+01
  0.26170781E+01 -0.60696804E+01
  0.26282017E+01 -0.60698157E+01
  0.26393254E+01 -0.60699271E+01
  0.26504491E+01 -0.60700144E+01
  0.26615728E+01 -0.60700769E+01
  0.26726964E+01 -0.60701146E+01
  0.26838201E+01 -0.60701271E+01
  0.26948861E+01 -0.60701165E+01
  0.27059520E+01 -0.60700844E+01
  0.27170180E+01 -0.60700311E+01
  0.27280839E+01 -0.60699566E+01
  0.27391499E+01 -0.60698610E+01
  0.27502159E+01 -0.60697445E+01
  0.27612818E+01 -0.60696075E+01
  0.27723478E+01 -0.60694500E+01
  0.27834137E+01 -0.60692724E+01
  0.27944797E+01 -0.60690752E+01
  0.28055457E+01 -0.60688585E+01
  0.28166116E+01 -0.60686229E+01
  0.28276776E+01 -0.60683688E+01
  0.28387435E+01 -0.60680967E+01
  0.28498095E+01 -0.60678071E+01
  0.28608755E+01 -0.60675005E+01
  0.28719414E+01 -0.60671776E+01
  0.28830074E+01 -0.60668390E+01
  0.28940733E+01 -0.60664854E+01
  0.29051393E+01 -0.60661173E+01
  0.29162053E+01 -0.60657355E+01
  0.29272712E+01 -0.60653408E+01
  0.29383372E+01 -0.60649340E+01
  0.29494031E+01 -0.60645157E+01
  0.29604691E+01 -0.60640868E+01
  0.29715351E+01 -0.60636481E+01
  0.29826010E+01 -0.60632006E+01
  0.29936670E+01 -0.60627449E+01
  0.30047329E+01 -0.60622820E+01
  0.30157989E+01 -0.60618128E+01
  0.30268649E+01 -0.60613382E+01
  0.30379308E+01 -0.60608590E+01
  0.30489968E+01 -0.60603762E+01
  0.30600627E+01 -0.60598907E+01
  0.30711287E+01 -0.60594032E+01
  0.30821947E+01 -0.60589149E+01
  0.30932606E+01 -0.60584264E+01
  0.31043266E+01 -0.60579387E+01
  0.31153925E+01 -0.60574527E+01
  0.31264585E+01 -0.60569691E+01
  0.31375245E+01 -0.60564889E+01
  0.31485904E+01 -0.60560127E+01
  0.31596564E+01 -0.60555414E+01
  0.31707223E+01 -0.60550757E+01
  0.31817883E+01 -0.60546163E+01
  0.31928543E+01 -0.60541640E+01
  0.32039202E+01 -0.60537193E+01
  0.32149862E+01 -0.60532828E+01
  0.32260521E+01 -0.60528551E+01
  0.32371181E+01 -0.60524368E+01
  0.32481841E+01 -0.60520283E+01
  0.32592500E+01 -0.60516301E+01
  0.32703160E+01 -0.60512425E+01
  0.32813819E+01 -0.60508660E+01
  0.32924479E+01 -0.60505008E+01
  0.33035139E+01 -0.60501472E+01
  0.33145798E+01 -0.60498054E+01
  0.33256458E+01 -0.60494757E+01
  0.33367117E+01 -0.60491581E+01
  0.33477777E+01 -0.60488529E+01
  0.33588437E+01 -0.60485599E+01
  0.33699096E+01 -0.60482794E+01
  0.33809756E+01 -0.60480113E+01
  0.33920415E+01 -0.60477555E+01
  0.34031075E+01 -0.60475121E+01
  0.34141735E+01 -0.60472809E+01
  0.34252394E+01 -0.60470619E+01
  0.34363054E+01 -0.60468549E+01
  0.34473713E+01 -0.60466599E+01
  0.34584373E+01 -0.60464766E+01
  0.34695033E+01 -0.60463050E+01
  0.34805692E+01 -0.60461448E+01
  0.34916352E+01 -0.60459960E+01
  0.35027011E+01 -0.60458583E+01
  0.35137671E+01 -0.60457316E+01
  0.35248331E+01 -0.60456157E+01
  0.35358990E+01 -0.60455105E+01
  0.35469650E+01 -0.60454158E+01
  0.35580309E+01 -0.60453315E+01
  0.35690969E+01 -0.60452574E+01
  0.35801629E+01 -0.60451935E+01
  0.35912288E+01 -0.60451396E+01
  0.36022948E+01 -0.60450956E+01
  0.36133607E+01 -0.60450615E+01
  0.36244267E+01 -0.60450371E+01
  0.36354927E+01 -0.60450225E+01
  0.36465586E+01 -0.60450177E+01
  0.36576301E+01 -0.60450052E+01
  0.36687015E+01 -0.60449678E+01
  0.36797730E+01 -0.60449055E+01
  0.36908444E+01 -0.60448184E+01
  0.37019158E+01 -0.60447065E+01
  0.37129873E+01 -0.60445702E+01
  0.37240587E+01 -0.60444095E+01
  0.37351302E+01 -0.60442246E+01
  0.37462016E+01 -0.60440158E+01
  0.37572731E+01 -0.60437834E+01
  0.37683445E+01 -0.60435277E+01
  0.37794160E+01 -0.60432490E+01
  0.37904874E+01 -0.60429479E+01
  0.38015589E+01 -0.60426246E+01
  0.38126303E+01 -0.60422796E+01
  0.38237018E+01 -0.60419136E+01
  0.38347732E+01 -0.60415270E+01
  0.38458447E+01 -0.60411204E+01
  0.38569161E+01 -0.60406946E+01
  0.38679875E+01 -0.60402501E+01
  0.38790590E+01 -0.60397877E+01
  0.38901304E+01 -0.60393082E+01
  0.39012019E+01 -0.60388125E+01
  0.39122733E+01 -0.60383013E+01
  0.39233448E+01 -0.60377758E+01
  0.39344162E+01 -0.60372367E+01
  0.39454877E+01 -0.60366852E+01
  0.39565591E+01 -0.60361222E+01
  0.39676306E+01 -0.60355491E+01
  0.39787020E+01 -0.60349668E+01
  0.39897735E+01 -0.60343767E+01
  0.40008449E+01 -0.60337800E+01
  0.40119163E+01 -0.60331779E+01
  0.40229878E+01 -0.60325719E+01
  0.40340592E+01 -0.60319632E+01
  0.40451307E+01 -0.60313533E+01
  0.40562021E+01 -0.60307436E+01
  0.40672736E+01 -0.60301355E+01
  0.40783450E+01 -0.60295305E+01
  0.40894165E+01 -0.60289300E+01
  0.41004879E+01 -0.60283355E+01
  0.41115594E+01 -0.60277484E+01
  0.41226308E+01 -0.60271701E+01
  0.41337023E+01 -0.60266020E+01
  0.41447737E+01 -0.60260455E+01
  0.41558452E+01 -0.60255019E+01
  0.41669166E+01 -0.60249724E+01
  0.41779880E+01 -0.60244582E+01
  0.41890595E+01 -0.60239604E+01
  0.42001309E+01 -0.60234801E+01
  0.42112024E+01 -0.60230183E+01
  0.42222738E+01 -0.60225757E+01
  0.42333453E+01 -0.60221533E+01
  0.42444167E+01 -0.60217516E+01
  0.42554882E+01 -0.60213713E+01
  0.42665596E+01 -0.60210130E+01
  0.42776311E+01 -0.60206770E+01
  0.42887025E+01 -0.60203636E+01
  0.42997740E+01 -0.60200732E+01
  0.43108454E+01 -0.60198059E+01
  0.43219169E+01 -0.60195618E+01
  0.43329883E+01 -0.60193411E+01
  0.43440597E+01 -0.60191438E+01
  0.43551312E+01 -0.60189699E+01
  0.43662026E+01 -0.60188192E+01
  0.43772741E+01 -0.60186919E+01
  0.43883455E+01 -0.60185879E+01
  0.43994170E+01 -0.60185070E+01
  0.44104884E+01 -0.60184493E+01
  0.44215599E+01 -0.60184147E+01
  0.44326313E+01 -0.60184031E+01
  0.44437481E+01 -0.60184028E+01
  0.44548648E+01 -0.60184020E+01
  0.44659816E+01 -0.60184006E+01
  0.44770983E+01 -0.60183987E+01
  0.44882151E+01 -0.60183963E+01
  0.44993318E+01 -0.60183933E+01
  0.45104485E+01 -0.60183898E+01
  0.45215653E+01 -0.60183858E+01
  0.45326820E+01 -0.60183813E+01
  0.45437988E+01 -0.60183764E+01
  0.45549155E+01 -0.60183710E+01
  0.45660323E+01 -0.60183652E+01
  0.45771490E+01 -0.60183590E+01
  0.45882658E+01 -0.60183524E+01
  0.45993825E+01 -0.60183454E+01
  0.46104993E+01 -0.60183382E+01
  0.46216160E+01 -0.60183306E+01
  0.46327328E+01 -0.60183228E+01
  0.46438495E+01 -0.60183147E+01
  0.46549663E+01 -0.60183064E+01
  0.46660830E+01 -0.60182980E+01
  0.46771997E+01 -0.60182894E+01
  0.46883165E+01 -0.60182807E+01
  0.46994332E+01 -0.60182720E+01
  0.47105500E+01 -0.60182632E+01
  0.47216667E+01 -0.60182544E+01
  0.47327835E+01 -0.60182456E+01
  0.47439002E+01 -0.60182370E+01
  0.47550170E+01 -0.60182284E+01
  0.47661337E+01 -0.60182199E+01
  0.47772505E+01 -0.60182117E+01
  0.47883672E+01 -0.60182036E+01
  0.47994840E+01 -0.60181958E+01
  0.48106007E+01 -0.60181882E+01
  0.48217175E+01 -0.60181809E+01
  0.48328342E+01 -0.60181740E+01
  0.48439510E+01 -0.60181674E+01
  0.48550677E+01 -0.60181612E+01
  0.48661844E+01 -0.60181554E+01
  0.48773012E+01 -0.60181500E+01
  0.48884179E+01 -0.60181450E+01
  0.48995347E+01 -0.60181406E+01
  0.49106514E+01 -0.60181366E+01
  0.49217682E+01 -0.60181331E+01
  0.49328849E+01 -0.60181301E+01
  0.49440017E+01 -0.60181276E+01
  0.49551184E+01 -0.60181257E+01
  0.49662352E+01 -0.60181243E+01
  0.49773519E+01 -0.60181235E+01
  0.49884687E+01 -0.60181232E+01
  
  0.00000000E+00 -0.59905588E+01
  0.11116747E-01 -0.59905645E+01
  0.22233494E-01 -0.59905815E+01
  0.33350240E-01 -0.59906100E+01
  0.44466987E-01 -0.59906497E+01
  0.55583734E-01 -0.59907008E+01
  0.66700481E-01 -0.59907631E+01
  0.77817228E-01 -0.59908367E+01
  0.88933975E-01 -0.59909214E+01
  0.10005072E+00 -0.59910173E+01
  0.11116747E+00 -0.59911242E+01
  0.12228422E+00 -0.59912421E+01
  0.13340096E+00 -0.59913710E+01
  0.14451771E+00 -0.59915106E+01
  0.15563446E+00 -0.59916609E+01
  0.16675120E+00 -0.59918219E+01
  0.17786795E+00 -0.59919933E+01
  0.18898470E+00 -0.59921751E+01
  0.20010144E+00 -0.59923672E+01
  0.21121819E+00 -0.59925693E+01
  0.22233494E+00 -0.59927814E+01
  0.23345168E+00 -0.59930033E+01
  0.24456843E+00 -0.59932348E+01
  0.25568518E+00 -0.59934757E+01
  0.26680192E+00 -0.59937259E+01
  0.27791867E+00 -0.59939852E+01
  0.28903542E+00 -0.59942534E+01
  0.30015216E+00 -0.59945302E+01
  0.31126891E+00 -0.59948155E+01
  0.32238566E+00 -0.59951090E+01
  0.33350240E+00 -0.59954105E+01
  0.34461915E+00 -0.59957198E+01
  0.35573590E+00 -0.59960365E+01
  0.36685265E+00 -0.59963605E+01
  0.37796939E+00 -0.59966914E+01
  0.38908614E+00 -0.59970290E+01
  0.40020289E+00 -0.59973730E+01
  0.41131963E+00 -0.59977231E+01
  0.42243638E+00 -0.59980789E+01
  0.43355313E+00 -0.59984403E+01
  0.44466987E+00 -0.59988068E+01
  0.45578662E+00 -0.59991782E+01
  0.46690337E+00 -0.59995540E+01
  0.47802011E+00 -0.59999340E+01
  0.48913686E+00 -0.60003178E+01
  0.50025361E+00 -0.60007051E+01
  0.51137035E+00 -0.60010954E+01
  0.52248710E+00 -0.60014885E+01
  0.53360385E+00 -0.60018839E+01
  0.54472059E+00 -0.60022813E+01
  0.55583734E+00 -0.60026802E+01
  0.56695409E+00 -0.60030803E+01
  0.57807084E+00 -0.60034812E+01
  0.58918758E+00 -0.60038825E+01
  0.60030433E+00 -0.60042838E+01
  0.61142108E+00 -0.60046846E+01
  0.62253782E+00 -0.60050846E+01
  0.63365457E+00 -0.60054833E+01
  0.64477132E+00 -0.60058804E+01
  0.65588806E+00 -0.60062754E+01
  0.66700481E+00 -0.60066678E+01
  0.67812156E+00 -0.60070574E+01
  0.68923830E+00 -0.60074436E+01
  0.70035505E+00 -0.60078260E+01
  0.71147180E+00 -0.60082043E+01
  0.72258854E+00 -0.60085780E+01
  0.73370529E+00 -0.60089466E+01
  0.74482204E+00 -0.60093099E+01
  0.75593878E+00 -0.60096673E+01
  0.76705553E+00 -0.60100185E+01
  0.77817228E+00 -0.60103631E+01
  0.78928902E+00 -0.60107007E+01
  0.80040577E+00 -0.60110308E+01
  0.81152252E+00 -0.60113532E+01
  0.82263927E+00 -0.60116675E+01
  0.83375601E+00 -0.60119732E+01
  0.84487276E+00 -0.60122700E+01
  0.85598951E+00 -0.60125576E+01
  0.86710625E+00 -0.60128357E+01
  0.87822300E+00 -0.60131039E+01
  0.88933975E+00 -0.60133618E+01
  0.90045649E+00 -0.60136092E+01
  0.91157324E+00 -0.60138459E+01
  0.92268999E+00 -0.60140714E+01
  0.93380673E+00 -0.60142855E+01
  0.94492348E+00 -0.60144880E+01
  0.95604023E+00 -0.60146787E+01
  0.96715697E+00 -0.60148572E+01
  0.97827372E+00 -0.60150234E+01
  0.98939047E+00 -0.60151770E+01
  0.10005072E+01 -0.60153180E+01
  0.10116240E+01 -0.60154460E+01
  0.10227407E+01 -0.60155610E+01
  0.10338575E+01 -0.60156628E+01
  0.10449742E+01 -0.60157513E+01
  0.10560909E+01 -0.60158264E+01
  0.10672077E+01 -0.60158879E+01
  0.10783244E+01 -0.60159359E+01
  0.10894412E+01 -0.60159702E+01
  0.11005579E+01 -0.60159907E+01
  0.11116747E+01 -0.60159976E+01
  0.11229043E+01 -0.60159894E+01
  0.11341339E+01 -0.60159650E+01
  0.11453635E+01 -0.60159242E+01
  0.11565931E+01 -0.60158672E+01
  0.11678227E+01 -0.60157940E+01
  0.11790523E+01 -0.60157046E+01
  0.11902820E+01 -0.60155991E+01
  0.12015116E+01 -0.60154776E+01
  0.12127412E+01 -0.60153402E+01
  0.12239708E+01 -0.60151870E+01
  0.12352004E+01 -0.60150182E+01
  0.12464300E+01 -0.60148338E+01
  0.12576596E+01 -0.60146340E+01
  0.12688892E+01 -0.60144190E+01
  0.12801188E+01 -0.60141890E+01
  0.12913484E+01 -0.60139440E+01
  0.13025781E+01 -0.60136845E+01
  0.13138077E+01 -0.60134105E+01
  0.13250373E+01 -0.60131222E+01
  0.13362669E+01 -0.60128200E+01
  0.13474965E+01 -0.60125041E+01
  0.13587261E+01 -0.60121747E+01
  0.13699557E+01 -0.60118322E+01
  0.13811853E+01 -0.60114768E+01
  0.13924149E+01 -0.60111089E+01
  0.14036445E+01 -0.60107288E+01
  0.14148742E+01 -0.60103367E+01
  0.14261038E+01 -0.60099332E+01
  0.14373334E+01 -0.60095186E+01
  0.14485630E+01 -0.60090932E+01
  0.14597926E+01 -0.60086575E+01
  0.14710222E+01 -0.60082120E+01
  0.14822518E+01 -0.60077570E+01
  0.14934814E+01 -0.60072930E+01
  0.15047110E+01 -0.60068205E+01
  0.15047110E+01 -0.60068205E+01
  0.15158347E+01 -0.60063446E+01
  0.15269584E+01 -0.60058614E+01
  0.15380820E+01 -0.60053713E+01
  0.15492057E+01 -0.60048751E+01
  0.15603294E+01 -0.60043732E+01
  0.15714531E+01 -0.60038661E+01
  0.15825767E+01 -0.60033547E+01
  0.15937004E+01 -0.60028393E+01
  0.16048241E+01 -0.60023208E+01
  0.16159477E+01 -0.60017998E+01
  0.16270714E+01 -0.60012770E+01
  0.16381951E+01 -0.60007530E+01
  0.16493188E+01 -0.60002288E+01
  0.16604424E+01 -0.59997049E+01
  0.16715661E+01 -0.59991821E+01
  0.16826898E+01 -0.59986613E+01
  0.16938134E+01 -0.59981433E+01
  0.17049371E+01 -0.59976288E+01
  0.17160608E+01 -0.59971187E+01
  0.17271844E+01 -0.59966138E+01
  0.17383081E+01 -0.59961149E+01
  0.17494318E+01 -0.59956230E+01
  0.17605555E+01 -0.59951388E+01
  0.17716791E+01 -0.59946632E+01
  0.17828028E+01 -0.59941970E+01
  0.17939265E+01 -0.59937411E+01
  0.18050501E+01 -0.59932962E+01
  0.18161738E+01 -0.59928630E+01
  0.18272975E+01 -0.59924425E+01
  0.18384211E+01 -0.59924296E+01
  0.18495448E+01 -0.59926389E+01
  0.18606685E+01 -0.59928387E+01
  0.18717922E+01 -0.59930288E+01
  0.18829158E+01 -0.59932091E+01
  0.18940395E+01 -0.59933795E+01
  0.19051632E+01 -0.59935399E+01
  0.19162868E+01 -0.59936902E+01
  0.19274105E+01 -0.59938304E+01
  0.19385342E+01 -0.59939603E+01
  0.19496579E+01 -0.59940801E+01
  0.19607815E+01 -0.59941896E+01
  0.19719052E+01 -0.59942890E+01
  0.19830289E+01 -0.59943782E+01
  0.19941525E+01 -0.59944574E+01
  0.20052762E+01 -0.59945265E+01
  0.20163999E+01 -0.59945858E+01
  0.20275235E+01 -0.59946353E+01
  0.20386472E+01 -0.59946751E+01
  0.20497709E+01 -0.59947054E+01
  0.20608946E+01 -0.59947264E+01
  0.20720182E+01 -0.59947383E+01
  0.20831419E+01 -0.59947412E+01
  0.20942656E+01 -0.59947354E+01
  0.21053892E+01 -0.59947212E+01
  0.21165129E+01 -0.59946987E+01
  0.21276366E+01 -0.59946682E+01
  0.21387602E+01 -0.59946301E+01
  0.21498839E+01 -0.59945845E+01
  0.21610076E+01 -0.59945319E+01
  0.21721313E+01 -0.59944724E+01
  0.21832549E+01 -0.59944065E+01
  0.21943786E+01 -0.59943345E+01
  0.22055023E+01 -0.59942566E+01
  0.22166259E+01 -0.59941734E+01
  0.22277496E+01 -0.59940850E+01
  0.22388733E+01 -0.59939920E+01
  0.22499970E+01 -0.59938946E+01
  0.22611206E+01 -0.59937932E+01
  0.22722443E+01 -0.59936883E+01
  0.22833680E+01 -0.59935801E+01
  0.22944916E+01 -0.59934692E+01
  0.23056153E+01 -0.59933559E+01
  0.23167390E+01 -0.59932405E+01
  0.23278626E+01 -0.59931235E+01
  0.23389863E+01 -0.59930052E+01
  0.23501100E+01 -0.59928861E+01
  0.23612337E+01 -0.59927665E+01
  0.23723573E+01 -0.59926468E+01
  0.23834810E+01 -0.59925274E+01
  0.23946047E+01 -0.59924087E+01
  0.24057283E+01 -0.59922910E+01
  0.24168520E+01 -0.59921747E+01
  0.24279757E+01 -0.59920602E+01
  0.24390993E+01 -0.59919477E+01
  0.24502230E+01 -0.59918377E+01
  0.24613467E+01 -0.59917304E+01
  0.24724704E+01 -0.59916262E+01
  0.24835940E+01 -0.59915254E+01
  0.24947177E+01 -0.59914283E+01
  0.25058414E+01 -0.59913351E+01
  0.25169650E+01 -0.59912462E+01
  0.25280887E+01 -0.59911618E+01
  0.25392124E+01 -0.59910821E+01
  0.25503361E+01 -0.59910073E+01
  0.25614597E+01 -0.59909377E+01
  0.25725834E+01 -0.59908735E+01
  0.25837071E+01 -0.59908149E+01
  0.25948307E+01 -0.59907619E+01
  0.26059544E+01 -0.59907149E+01
  0.26170781E+01 -0.59906738E+01
  0.26282017E+01 -0.59906389E+01
  0.26393254E+01 -0.59906102E+01
  0.26504491E+01 -0.59905877E+01
  0.26615728E+01 -0.59905717E+01
  0.26726964E+01 -0.59905620E+01
  0.26838201E+01 -0.59905588E+01
  0.26948861E+01 -0.59905595E+01
  0.27059520E+01 -0.59905618E+01
  0.27170180E+01 -0.59905654E+01
  0.27280839E+01 -0.59905705E+01
  0.27391499E+01 -0.59905770E+01
  0.27502159E+01 -0.59905847E+01
  0.27612818E+01 -0.59905937E+01
  0.27723478E+01 -0.59906038E+01
  0.27834137E+01 -0.59906149E+01
  0.27944797E+01 -0.59906269E+01
  0.28055457E+01 -0.59906397E+01
  0.28166116E+01 -0.59906531E+01
  0.28276776E+01 -0.59906669E+01
  0.28387435E+01 -0.59906810E+01
  0.28498095E+01 -0.59906952E+01
  0.28608755E+01 -0.59907092E+01
  0.28719414E+01 -0.59907230E+01
  0.28830074E+01 -0.59907362E+01
  0.28940733E+01 -0.59907487E+01
  0.29051393E+01 -0.59907601E+01
  0.29162053E+01 -0.59907703E+01
  0.29272712E+01 -0.59907791E+01
  0.29383372E+01 -0.59907860E+01
  0.29494031E+01 -0.59907910E+01
  0.29604691E+01 -0.59907937E+01
  0.29715351E+01 -0.59907938E+01
  0.29826010E+01 -0.59907911E+01
  0.29936670E+01 -0.59907853E+01
  0.30047329E+01 -0.59907762E+01
  0.30157989E+01 -0.59907634E+01
  0.30268649E+01 -0.59907468E+01
  0.30379308E+01 -0.59907260E+01
  0.30489968E+01 -0.59907009E+01
  0.30600627E+01 -0.59906711E+01
  0.30711287E+01 -0.59906365E+01
  0.30821947E+01 -0.59905969E+01
  0.30932606E+01 -0.59905520E+01
  0.31043266E+01 -0.59905017E+01
  0.31153925E+01 -0.59904459E+01
  0.31264585E+01 -0.59903843E+01
  0.31375245E+01 -0.59903170E+01
  0.31485904E+01 -0.59902437E+01
  0.31596564E+01 -0.59901645E+01
  0.31707223E+01 -0.59900794E+01
  0.31817883E+01 -0.59899882E+01
  0.31928543E+01 -0.59898912E+01
  0.32039202E+01 -0.59897883E+01
  0.32149862E+01 -0.59896797E+01
  0.32260521E+01 -0.59895654E+01
  0.32371181E+01 -0.59894458E+01
  0.32481841E+01 -0.59893209E+01
  0.32592500E+01 -0.59891911E+01
  0.32703160E+01 -0.59890567E+01
  0.32813819E+01 -0.59889179E+01
  0.32924479E+01 -0.59887751E+01
  0.33035139E+01 -0.59886288E+01
  0.33145798E+01 -0.59884793E+01
  0.33256458E+01 -0.59883271E+01
  0.33367117E+01 -0.59881726E+01
  0.33477777E+01 -0.59880165E+01
  0.33588437E+01 -0.59878591E+01
  0.33699096E+01 -0.59877011E+01
  0.33809756E+01 -0.59875431E+01
  0.33920415E+01 -0.59873855E+01
  0.34031075E+01 -0.59872290E+01
  0.34141735E+01 -0.59870742E+01
  0.34252394E+01 -0.59869217E+01
  0.34363054E+01 -0.59867720E+01
  0.34473713E+01 -0.59866259E+01
  0.34584373E+01 -0.59864837E+01
  0.34695033E+01 -0.59863462E+01
  0.34805692E+01 -0.59862139E+01
  0.34916352E+01 -0.59860873E+01
  0.35027011E+01 -0.59859670E+01
  0.35137671E+01 -0.59858534E+01
  0.35248331E+01 -0.59857471E+01
  0.35358990E+01 -0.59856484E+01
  0.35469650E+01 -0.59855578E+01
  0.35580309E+01 -0.59854757E+01
  0.35690969E+01 -0.59854024E+01
  0.35801629E+01 -0.59853382E+01
  0.35912288E+01 -0.59852834E+01
  0.36022948E+01 -0.59852383E+01
  0.36133607E+01 -0.59852030E+01
  0.36244267E+01 -0.59851777E+01
  0.36354927E+01 -0.59851625E+01
  0.36465586E+01 -0.59851574E+01
  0.36576301E+01 -0.59851697E+01
  0.36687015E+01 -0.59852066E+01
  0.36797730E+01 -0.59852681E+01
  0.36908444E+01 -0.59853537E+01
  0.37019158E+01 -0.59854634E+01
  0.37129873E+01 -0.59855965E+01
  0.37240587E+01 -0.59857528E+01
  0.37351302E+01 -0.59859316E+01
  0.37462016E+01 -0.59861324E+01
  0.37572731E+01 -0.59863543E+01
  0.37683445E+01 -0.59865968E+01
  0.37794160E+01 -0.59868589E+01
  0.37904874E+01 -0.59871398E+01
  0.38015589E+01 -0.59874387E+01
  0.38126303E+01 -0.59877545E+01
  0.38237018E+01 -0.59880862E+01
  0.38347732E+01 -0.59884330E+01
  0.38458447E+01 -0.59887937E+01
  0.38569161E+01 -0.59891672E+01
  0.38679875E+01 -0.59895526E+01
  0.38790590E+01 -0.59899488E+01
  0.38901304E+01 -0.59903547E+01
  0.39012019E+01 -0.59907693E+01
  0.39122733E+01 -0.59911914E+01
  0.39233448E+01 -0.59916201E+01
  0.39344162E+01 -0.59920544E+01
  0.39454877E+01 -0.59924932E+01
  0.39565591E+01 -0.59929355E+01
  0.39676306E+01 -0.59933805E+01
  0.39787020E+01 -0.59938271E+01
  0.39897735E+01 -0.59942744E+01
  0.40008449E+01 -0.59947216E+01
  0.40119163E+01 -0.59951679E+01
  0.40229878E+01 -0.59956123E+01
  0.40340592E+01 -0.59960540E+01
  0.40451307E+01 -0.59964924E+01
  0.40562021E+01 -0.59969266E+01
  0.40672736E+01 -0.59973560E+01
  0.40783450E+01 -0.59977797E+01
  0.40894165E+01 -0.59981973E+01
  0.41004879E+01 -0.59986079E+01
  0.41115594E+01 -0.59990110E+01
  0.41226308E+01 -0.59994060E+01
  0.41337023E+01 -0.59997923E+01
  0.41447737E+01 -0.60001694E+01
  0.41558452E+01 -0.60005367E+01
  0.41669166E+01 -0.60008937E+01
  0.41779880E+01 -0.60012399E+01
  0.41890595E+01 -0.60015748E+01
  0.42001309E+01 -0.60018981E+01
  0.42112024E+01 -0.60022092E+01
  0.42222738E+01 -0.60025078E+01
  0.42333453E+01 -0.60027934E+01
  0.42444167E+01 -0.60030658E+01
  0.42554882E+01 -0.60033244E+01
  0.42665596E+01 -0.60035691E+01
  0.42776311E+01 -0.60037995E+01
  0.42887025E+01 -0.60040153E+01
  0.42997740E+01 -0.60042162E+01
  0.43108454E+01 -0.60044020E+01
  0.43219169E+01 -0.60045724E+01
  0.43329883E+01 -0.60047273E+01
  0.43440597E+01 -0.60048664E+01
  0.43551312E+01 -0.60049895E+01
  0.43662026E+01 -0.60050965E+01
  0.43772741E+01 -0.60051873E+01
  0.43883455E+01 -0.60052617E+01
  0.43994170E+01 -0.60053197E+01
  0.44104884E+01 -0.60053612E+01
  0.44215599E+01 -0.60053861E+01
  0.44326313E+01 -0.60053944E+01
  0.44437481E+01 -0.60054098E+01
  0.44548648E+01 -0.60054558E+01
  0.44659816E+01 -0.60055318E+01
  0.44770983E+01 -0.60056368E+01
  0.44882151E+01 -0.60057698E+01
  0.44993318E+01 -0.60059292E+01
  0.45104485E+01 -0.60061132E+01
  0.45215653E+01 -0.60063201E+01
  0.45326820E+01 -0.60065479E+01
  0.45437988E+01 -0.60067945E+01
  0.45549155E+01 -0.60070580E+01
  0.45660323E+01 -0.60073362E+01
  0.45771490E+01 -0.60076273E+01
  0.45882658E+01 -0.60079293E+01
  0.45993825E+01 -0.60082404E+01
  0.46104993E+01 -0.60085588E+01
  0.46216160E+01 -0.60088829E+01
  0.46327328E+01 -0.60092111E+01
  0.46438495E+01 -0.60095418E+01
  0.46549663E+01 -0.60098737E+01
  0.46660830E+01 -0.60102056E+01
  0.46771997E+01 -0.60105360E+01
  0.46883165E+01 -0.60108639E+01
  0.46994332E+01 -0.60111882E+01
  0.47105500E+01 -0.60115078E+01
  0.47216667E+01 -0.60118218E+01
  0.47327835E+01 -0.60121293E+01
  0.47439002E+01 -0.60124295E+01
  0.47550170E+01 -0.60127214E+01
  0.47661337E+01 -0.60130045E+01
  0.47772505E+01 -0.60132779E+01
  0.47883672E+01 -0.60135410E+01
  0.47994840E+01 -0.60137933E+01
  0.48106007E+01 -0.60140341E+01
  0.48217175E+01 -0.60142629E+01
  0.48328342E+01 -0.60144792E+01
  0.48439510E+01 -0.60146825E+01
  0.48550677E+01 -0.60148724E+01
  0.48661844E+01 -0.60150486E+01
  0.48773012E+01 -0.60152106E+01
  0.48884179E+01 -0.60153582E+01
  0.48995347E+01 -0.60154910E+01
  0.49106514E+01 -0.60156088E+01
  0.49217682E+01 -0.60157114E+01
  0.49328849E+01 -0.60157985E+01
  0.49440017E+01 -0.60158700E+01
  0.49551184E+01 -0.60159257E+01
  0.49662352E+01 -0.60159656E+01
  0.49773519E+01 -0.60159896E+01
  0.49884687E+01 -0.60159976E+01
  
  0.00000000E+00 -0.59905588E+01
  0.11116747E-01 -0.59905546E+01
  0.22233494E-01 -0.59905421E+01
  0.33350240E-01 -0.59905211E+01
  0.44466987E-01 -0.59904919E+01
  0.55583734E-01 -0.59904544E+01
  0.66700481E-01 -0.59904087E+01
  0.77817228E-01 -0.59903548E+01
  0.88933975E-01 -0.59902928E+01
  0.10005072E+00 -0.59902228E+01
  0.11116747E+00 -0.59901449E+01
  0.12228422E+00 -0.59900591E+01
  0.13340096E+00 -0.59899658E+01
  0.14451771E+00 -0.59898648E+01
  0.15563446E+00 -0.59897565E+01
  0.16675120E+00 -0.59896409E+01
  0.17786795E+00 -0.59895182E+01
  0.18898470E+00 -0.59893885E+01
  0.20010144E+00 -0.59892521E+01
  0.21121819E+00 -0.59891091E+01
  0.22233494E+00 -0.59889597E+01
  0.23345168E+00 -0.59888042E+01
  0.24456843E+00 -0.59886426E+01
  0.25568518E+00 -0.59884753E+01
  0.26680192E+00 -0.59883025E+01
  0.27791867E+00 -0.59881243E+01
  0.28903542E+00 -0.59879411E+01
  0.30015216E+00 -0.59877530E+01
  0.31126891E+00 -0.59875602E+01
  0.32238566E+00 -0.59873632E+01
  0.33350240E+00 -0.59871620E+01
  0.34461915E+00 -0.59869569E+01
  0.35573590E+00 -0.59867482E+01
  0.36685265E+00 -0.59865362E+01
  0.37796939E+00 -0.59863211E+01
  0.38908614E+00 -0.59861031E+01
  0.40020289E+00 -0.59858826E+01
  0.41131963E+00 -0.59856597E+01
  0.42243638E+00 -0.59854348E+01
  0.43355313E+00 -0.59852082E+01
  0.44466987E+00 -0.59849800E+01
  0.45578662E+00 -0.59847505E+01
  0.46690337E+00 -0.59845200E+01
  0.47802011E+00 -0.59842888E+01
  0.48913686E+00 -0.59840570E+01
  0.50025361E+00 -0.59838250E+01
  0.51137035E+00 -0.59835930E+01
  0.52248710E+00 -0.59833613E+01
  0.53360385E+00 -0.59831300E+01
  0.54472059E+00 -0.59828994E+01
  0.55583734E+00 -0.59826698E+01
  0.56695409E+00 -0.59824414E+01
  0.57807084E+00 -0.59822144E+01
  0.58918758E+00 -0.59819890E+01
  0.60030433E+00 -0.59817654E+01
  0.61142108E+00 -0.59815439E+01
  0.62253782E+00 -0.59813246E+01
  0.63365457E+00 -0.59811078E+01
  0.64477132E+00 -0.59808936E+01
  0.65588806E+00 -0.59806822E+01
  0.66700481E+00 -0.59804739E+01
  0.67812156E+00 -0.59802687E+01
  0.68923830E+00 -0.59800669E+01
  0.70035505E+00 -0.59798685E+01
  0.71147180E+00 -0.59796739E+01
  0.72258854E+00 -0.59794830E+01
  0.73370529E+00 -0.59792961E+01
  0.74482204E+00 -0.59791134E+01
  0.75593878E+00 -0.59789348E+01
  0.76705553E+00 -0.59787606E+01
  0.77817228E+00 -0.59785909E+01
  0.78928902E+00 -0.59784258E+01
  0.80040577E+00 -0.59782653E+01
  0.81152252E+00 -0.59781097E+01
  0.82263927E+00 -0.59779590E+01
  0.83375601E+00 -0.59778133E+01
  0.84487276E+00 -0.59776727E+01
  0.85598951E+00 -0.59775372E+01
  0.86710625E+00 -0.59774070E+01
  0.87822300E+00 -0.59772822E+01
  0.88933975E+00 -0.59771627E+01
  0.90045649E+00 -0.59770486E+01
  0.91157324E+00 -0.59769401E+01
  0.92268999E+00 -0.59768372E+01
  0.93380673E+00 -0.59767399E+01
  0.94492348E+00 -0.59766482E+01
  0.95604023E+00 -0.59765623E+01
  0.96715697E+00 -0.59764821E+01
  0.97827372E+00 -0.59764078E+01
  0.98939047E+00 -0.59763392E+01
  0.10005072E+01 -0.59762766E+01
  0.10116240E+01 -0.59762198E+01
  0.10227407E+01 -0.59761689E+01
  0.10338575E+01 -0.59761239E+01
  0.10449742E+01 -0.59760850E+01
  0.10560909E+01 -0.59760519E+01
  0.10672077E+01 -0.59760249E+01
  0.10783244E+01 -0.59760039E+01
  0.10894412E+01 -0.59759888E+01
  0.11005579E+01 -0.59759798E+01
  0.11116747E+01 -0.59759768E+01
  0.11229043E+01 -0.59759838E+01
  0.11341339E+01 -0.59760046E+01
  0.11453635E+01 -0.59760393E+01
  0.11565931E+01 -0.59760879E+01
  0.11678227E+01 -0.59761501E+01
  0.11790523E+01 -0.59762260E+01
  0.11902820E+01 -0.59763154E+01
  0.12015116E+01 -0.59764181E+01
  0.12127412E+01 -0.59765341E+01
  0.12239708E+01 -0.59766630E+01
  0.12352004E+01 -0.59768048E+01
  0.12464300E+01 -0.59769591E+01
  0.12576596E+01 -0.59771257E+01
  0.12688892E+01 -0.59773045E+01
  0.12801188E+01 -0.59774949E+01
  0.12913484E+01 -0.59776969E+01
  0.13025781E+01 -0.59779100E+01
  0.13138077E+01 -0.59781339E+01
  0.13250373E+01 -0.59783683E+01
  0.13362669E+01 -0.59786127E+01
  0.13474965E+01 -0.59788668E+01
  0.13587261E+01 -0.59791303E+01
  0.13699557E+01 -0.59794025E+01
  0.13811853E+01 -0.59796833E+01
  0.13924149E+01 -0.59799720E+01
  0.14036445E+01 -0.59802683E+01
  0.14148742E+01 -0.59805717E+01
  0.14261038E+01 -0.59808816E+01
  0.14373334E+01 -0.59811978E+01
  0.14485630E+01 -0.59815195E+01
  0.14597926E+01 -0.59818464E+01
  0.14710222E+01 -0.59821780E+01
  0.14822518E+01 -0.59825137E+01
  0.14934814E+01 -0.59828530E+01
  0.15047110E+01 -0.59831955E+01
  0.15047110E+01 -0.59831955E+01
  0.15158347E+01 -0.59835372E+01
  0.15269584E+01 -0.59838810E+01
  0.15380820E+01 -0.59842264E+01
  0.15492057E+01 -0.59845728E+01
  0.15603294E+01 -0.59849197E+01
  0.15714531E+01 -0.59852666E+01
  0.15825767E+01 -0.59856131E+01
  0.15937004E+01 -0.59859587E+01
  0.16048241E+01 -0.59863028E+01
  0.16159477E+01 -0.59866450E+01
  0.16270714E+01 -0.59869847E+01
  0.16381951E+01 -0.59873216E+01
  0.16493188E+01 -0.59876552E+01
  0.16604424E+01 -0.59879851E+01
  0.16715661E+01 -0.59883107E+01
  0.16826898E+01 -0.59886316E+01
  0.16938134E+01 -0.59889476E+01
  0.17049371E+01 -0.59892580E+01
  0.17160608E+01 -0.59895626E+01
  0.17271844E+01 -0.59898610E+01
  0.17383081E+01 -0.59901528E+01
  0.17494318E+01 -0.59904376E+01
  0.17605555E+01 -0.59907151E+01
  0.17716791E+01 -0.59909851E+01
  0.17828028E+01 -0.59912471E+01
  0.17939265E+01 -0.59915010E+01
  0.18050501E+01 -0.59917464E+01
  0.18161738E+01 -0.59919832E+01
  0.18272975E+01 -0.59922109E+01
  0.18384211E+01 -0.59920352E+01
  0.18495448E+01 -0.59916420E+01
  0.18606685E+01 -0.59912634E+01
  0.18717922E+01 -0.59909001E+01
  0.18829158E+01 -0.59905526E+01
  0.18940395E+01 -0.59902215E+01
  0.19051632E+01 -0.59899072E+01
  0.19162868E+01 -0.59896101E+01
  0.19274105E+01 -0.59893306E+01
  0.19385342E+01 -0.59890689E+01
  0.19496579E+01 -0.59888253E+01
  0.19607815E+01 -0.59885999E+01
  0.19719052E+01 -0.59883927E+01
  0.19830289E+01 -0.59882038E+01
  0.19941525E+01 -0.59880331E+01
  0.20052762E+01 -0.59878805E+01
  0.20163999E+01 -0.59877456E+01
  0.20275235E+01 -0.59876283E+01
  0.20386472E+01 -0.59875281E+01
  0.20497709E+01 -0.59874447E+01
  0.20608946E+01 -0.59873775E+01
  0.20720182E+01 -0.59873260E+01
  0.20831419E+01 -0.59872897E+01
  0.20942656E+01 -0.59872678E+01
  0.21053892E+01 -0.59872597E+01
  0.21165129E+01 -0.59872646E+01
  0.21276366E+01 -0.59872817E+01
  0.21387602E+01 -0.59873104E+01
  0.21498839E+01 -0.59873496E+01
  0.21610076E+01 -0.59873988E+01
  0.21721313E+01 -0.59874569E+01
  0.21832549E+01 -0.59875231E+01
  0.21943786E+01 -0.59875967E+01
  0.22055023E+01 -0.59876768E+01
  0.22166259E+01 -0.59877626E+01
  0.22277496E+01 -0.59878532E+01
  0.22388733E+01 -0.59879480E+01
  0.22499970E+01 -0.59880462E+01
  0.22611206E+01 -0.59881471E+01
  0.22722443E+01 -0.59882500E+01
  0.22833680E+01 -0.59883543E+01
  0.22944916E+01 -0.59884594E+01
  0.23056153E+01 -0.59885648E+01
  0.23167390E+01 -0.59886699E+01
  0.23278626E+01 -0.59887743E+01
  0.23389863E+01 -0.59888775E+01
  0.23501100E+01 -0.59889792E+01
  0.23612337E+01 -0.59890791E+01
  0.23723573E+01 -0.59891768E+01
  0.23834810E+01 -0.59892720E+01
  0.23946047E+01 -0.59893645E+01
  0.24057283E+01 -0.59894542E+01
  0.24168520E+01 -0.59895408E+01
  0.24279757E+01 -0.59896241E+01
  0.24390993E+01 -0.59897042E+01
  0.24502230E+01 -0.59897808E+01
  0.24613467E+01 -0.59898539E+01
  0.24724704E+01 -0.59899234E+01
  0.24835940E+01 -0.59899894E+01
  0.24947177E+01 -0.59900516E+01
  0.25058414E+01 -0.59901103E+01
  0.25169650E+01 -0.59901652E+01
  0.25280887E+01 -0.59902165E+01
  0.25392124E+01 -0.59902642E+01
  0.25503361E+01 -0.59903082E+01
  0.25614597E+01 -0.59903485E+01
  0.25725834E+01 -0.59903853E+01
  0.25837071E+01 -0.59904184E+01
  0.25948307E+01 -0.59904480E+01
  0.26059544E+01 -0.59904741E+01
  0.26170781E+01 -0.59904966E+01
  0.26282017E+01 -0.59905157E+01
  0.26393254E+01 -0.59905312E+01
  0.26504491E+01 -0.59905433E+01
  0.26615728E+01 -0.59905519E+01
  0.26726964E+01 -0.59905571E+01
  0.26838201E+01 -0.59905588E+01
  0.26948861E+01 -0.59905595E+01
  0.27059520E+01 -0.59905618E+01
  0.27170180E+01 -0.59905654E+01
  0.27280839E+01 -0.59905705E+01
  0.27391499E+01 -0.59905770E+01
  0.27502159E+01 -0.59905847E+01
  0.27612818E+01 -0.59905937E+01
  0.27723478E+01 -0.59906038E+01
  0.27834137E+01 -0.59906149E+01
  0.27944797E+01 -0.59906269E+01
  0.28055457E+01 -0.59906397E+01
  0.28166116E+01 -0.59906531E+01
  0.28276776E+01 -0.59906669E+01
  0.28387435E+01 -0.59906810E+01
  0.28498095E+01 -0.59906952E+01
  0.28608755E+01 -0.59907092E+01
  0.28719414E+01 -0.59907230E+01
  0.28830074E+01 -0.59907362E+01
  0.28940733E+01 -0.59907487E+01
  0.29051393E+01 -0.59907601E+01
  0.29162053E+01 -0.59907703E+01
  0.29272712E+01 -0.59907791E+01
  0.29383372E+01 -0.59907860E+01
  0.29494031E+01 -0.59907910E+01
  0.29604691E+01 -0.59907937E+01
  0.29715351E+01 -0.59907938E+01
  0.29826010E+01 -0.59907911E+01
  0.29936670E+01 -0.59907853E+01
  0.30047329E+01 -0.59907762E+01
  0.30157989E+01 -0.59907634E+01
  0.30268649E+01 -0.59907468E+01
  0.30379308E+01 -0.59907260E+01
  0.30489968E+01 -0.59907009E+01
  0.30600627E+01 -0.59906711E+01
  0.30711287E+01 -0.59906365E+01
  0.30821947E+01 -0.59905969E+01
  0.30932606E+01 -0.59905520E+01
  0.31043266E+01 -0.59905017E+01
  0.31153925E+01 -0.59904459E+01
  0.31264585E+01 -0.59903843E+01
  0.31375245E+01 -0.59903170E+01
  0.31485904E+01 -0.59902437E+01
  0.31596564E+01 -0.59901645E+01
  0.31707223E+01 -0.59900794E+01
  0.31817883E+01 -0.59899882E+01
  0.31928543E+01 -0.59898912E+01
  0.32039202E+01 -0.59897883E+01
  0.32149862E+01 -0.59896797E+01
  0.32260521E+01 -0.59895654E+01
  0.32371181E+01 -0.59894458E+01
  0.32481841E+01 -0.59893209E+01
  0.32592500E+01 -0.59891911E+01
  0.32703160E+01 -0.59890567E+01
  0.32813819E+01 -0.59889179E+01
  0.32924479E+01 -0.59887751E+01
  0.33035139E+01 -0.59886288E+01
  0.33145798E+01 -0.59884793E+01
  0.33256458E+01 -0.59883271E+01
  0.33367117E+01 -0.59881726E+01
  0.33477777E+01 -0.59880165E+01
  0.33588437E+01 -0.59878591E+01
  0.33699096E+01 -0.59877011E+01
  0.33809756E+01 -0.59875431E+01
  0.33920415E+01 -0.59873855E+01
  0.34031075E+01 -0.59872290E+01
  0.34141735E+01 -0.59870742E+01
  0.34252394E+01 -0.59869217E+01
  0.34363054E+01 -0.59867720E+01
  0.34473713E+01 -0.59866259E+01
  0.34584373E+01 -0.59864837E+01
  0.34695033E+01 -0.59863462E+01
  0.34805692E+01 -0.59862139E+01
  0.34916352E+01 -0.59860873E+01
  0.35027011E+01 -0.59859670E+01
  0.35137671E+01 -0.59858534E+01
  0.35248331E+01 -0.59857471E+01
  0.35358990E+01 -0.59856484E+01
  0.35469650E+01 -0.59855578E+01
  0.35580309E+01 -0.59854757E+01
  0.35690969E+01 -0.59854024E+01
  0.35801629E+01 -0.59853382E+01
  0.35912288E+01 -0.59852834E+01
  0.36022948E+01 -0.59852383E+01
  0.36133607E+01 -0.59852030E+01
  0.36244267E+01 -0.59851777E+01
  0.36354927E+01 -0.59851625E+01
  0.36465586E+01 -0.59851574E+01
  0.36576301E+01 -0.59851587E+01
  0.36687015E+01 -0.59851626E+01
  0.36797730E+01 -0.59851692E+01
  0.36908444E+01 -0.59851784E+01
  0.37019158E+01 -0.59851901E+01
  0.37129873E+01 -0.59852043E+01
  0.37240587E+01 -0.59852211E+01
  0.37351302E+01 -0.59852402E+01
  0.37462016E+01 -0.59852618E+01
  0.37572731E+01 -0.59852856E+01
  0.37683445E+01 -0.59853116E+01
  0.37794160E+01 -0.59853398E+01
  0.37904874E+01 -0.59853699E+01
  0.38015589E+01 -0.59854020E+01
  0.38126303E+01 -0.59854358E+01
  0.38237018E+01 -0.59854713E+01
  0.38347732E+01 -0.59855084E+01
  0.38458447E+01 -0.59855467E+01
  0.38569161E+01 -0.59855863E+01
  0.38679875E+01 -0.59856269E+01
  0.38790590E+01 -0.59856683E+01
  0.38901304E+01 -0.59857104E+01
  0.39012019E+01 -0.59857529E+01
  0.39122733E+01 -0.59857957E+01
  0.39233448E+01 -0.59858384E+01
  0.39344162E+01 -0.59858809E+01
  0.39454877E+01 -0.59859229E+01
  0.39565591E+01 -0.59859641E+01
  0.39676306E+01 -0.59860044E+01
  0.39787020E+01 -0.59860433E+01
  0.39897735E+01 -0.59860807E+01
  0.40008449E+01 -0.59861163E+01
  0.40119163E+01 -0.59861497E+01
  0.40229878E+01 -0.59861808E+01
  0.40340592E+01 -0.59862092E+01
  0.40451307E+01 -0.59862346E+01
  0.40562021E+01 -0.59862568E+01
  0.40672736E+01 -0.59862755E+01
  0.40783450E+01 -0.59862905E+01
  0.40894165E+01 -0.59863015E+01
  0.41004879E+01 -0.59863085E+01
  0.41115594E+01 -0.59863111E+01
  0.41226308E+01 -0.59863093E+01
  0.41337023E+01 -0.59863029E+01
  0.41447737E+01 -0.59862920E+01
  0.41558452E+01 -0.59862765E+01
  0.41669166E+01 -0.59862564E+01
  0.41779880E+01 -0.59862318E+01
  0.41890595E+01 -0.59862030E+01
  0.42001309E+01 -0.59861700E+01
  0.42112024E+01 -0.59861332E+01
  0.42222738E+01 -0.59860929E+01
  0.42333453E+01 -0.59860496E+01
  0.42444167E+01 -0.59860035E+01
  0.42554882E+01 -0.59859553E+01
  0.42665596E+01 -0.59859056E+01
  0.42776311E+01 -0.59858548E+01
  0.42887025E+01 -0.59858036E+01
  0.42997740E+01 -0.59857527E+01
  0.43108454E+01 -0.59857027E+01
  0.43219169E+01 -0.59856543E+01
  0.43329883E+01 -0.59856081E+01
  0.43440597E+01 -0.59855648E+01
  0.43551312E+01 -0.59855250E+01
  0.43662026E+01 -0.59854893E+01
  0.43772741E+01 -0.59854581E+01
  0.43883455E+01 -0.59854320E+01
  0.43994170E+01 -0.59854112E+01
  0.44104884E+01 -0.59853962E+01
  0.44215599E+01 -0.59853871E+01
  0.44326313E+01 -0.59853840E+01
  0.44437481E+01 -0.59853698E+01
  0.44548648E+01 -0.59853274E+01
  0.44659816E+01 -0.59852573E+01
  0.44770983E+01 -0.59851604E+01
  0.44882151E+01 -0.59850379E+01
  0.44993318E+01 -0.59848913E+01
  0.45104485E+01 -0.59847221E+01
  0.45215653E+01 -0.59845323E+01
  0.45326820E+01 -0.59843236E+01
  0.45437988E+01 -0.59840981E+01
  0.45549155E+01 -0.59838577E+01
  0.45660323E+01 -0.59836043E+01
  0.45771490E+01 -0.59833398E+01
  0.45882658E+01 -0.59830659E+01
  0.45993825E+01 -0.59827845E+01
  0.46104993E+01 -0.59824972E+01
  0.46216160E+01 -0.59822054E+01
  0.46327328E+01 -0.59819108E+01
  0.46438495E+01 -0.59816145E+01
  0.46549663E+01 -0.59813179E+01
  0.46660830E+01 -0.59810222E+01
  0.46771997E+01 -0.59807284E+01
  0.46883165E+01 -0.59804376E+01
  0.46994332E+01 -0.59801507E+01
  0.47105500E+01 -0.59798686E+01
  0.47216667E+01 -0.59795921E+01
  0.47327835E+01 -0.59793220E+01
  0.47439002E+01 -0.59790590E+01
  0.47550170E+01 -0.59788037E+01
  0.47661337E+01 -0.59785568E+01
  0.47772505E+01 -0.59783187E+01
  0.47883672E+01 -0.59780900E+01
  0.47994840E+01 -0.59778712E+01
  0.48106007E+01 -0.59776628E+01
  0.48217175E+01 -0.59774651E+01
  0.48328342E+01 -0.59772785E+01
  0.48439510E+01 -0.59771033E+01
  0.48550677E+01 -0.59769399E+01
  0.48661844E+01 -0.59767886E+01
  0.48773012E+01 -0.59766496E+01
  0.48884179E+01 -0.59765231E+01
  0.48995347E+01 -0.59764094E+01
  0.49106514E+01 -0.59763087E+01
  0.49217682E+01 -0.59762210E+01
  0.49328849E+01 -0.59761467E+01
  0.49440017E+01 -0.59760856E+01
  0.49551184E+01 -0.59760381E+01
  0.49662352E+01 -0.59760041E+01
  0.49773519E+01 -0.59759836E+01
  0.49884687E+01 -0.59759768E+01
  
