  0.00000000E+00 -0.38793120E+01
  0.11116747E-01 -0.38790012E+01
  0.22233494E-01 -0.38780691E+01
  0.33350240E-01 -0.38765154E+01
  0.44466987E-01 -0.38743402E+01
  0.55583734E-01 -0.38715432E+01
  0.66700481E-01 -0.38681244E+01
  0.77817228E-01 -0.38640834E+01
  0.88933975E-01 -0.38594202E+01
  0.10005072E+00 -0.38541345E+01
  0.11116747E+00 -0.38482258E+01
  0.12228422E+00 -0.38416940E+01
  0.13340096E+00 -0.38345385E+01
  0.14451771E+00 -0.38267590E+01
  0.15563446E+00 -0.38183551E+01
  0.16675120E+00 -0.38093261E+01
  0.17786795E+00 -0.37996717E+01
  0.18898470E+00 -0.37893911E+01
  0.20010144E+00 -0.37784839E+01
  0.21121819E+00 -0.37669493E+01
  0.22233494E+00 -0.37547866E+01
  0.23345168E+00 -0.37419952E+01
  0.24456843E+00 -0.37285742E+01
  0.25568518E+00 -0.37145228E+01
  0.26680192E+00 -0.36998403E+01
  0.27791867E+00 -0.36845256E+01
  0.28903542E+00 -0.36685781E+01
  0.30015216E+00 -0.36519966E+01
  0.31126891E+00 -0.36347804E+01
  0.32238566E+00 -0.36169284E+01
  0.33350240E+00 -0.35984396E+01
  0.34461915E+00 -0.35793131E+01
  0.35573590E+00 -0.35595479E+01
  0.36685265E+00 -0.35391431E+01
  0.37796939E+00 -0.35180976E+01
  0.38908614E+00 -0.34964107E+01
  0.40020289E+00 -0.34740815E+01
  0.41131963E+00 -0.34511091E+01
  0.42243638E+00 -0.34274927E+01
  0.43355313E+00 -0.34032319E+01
  0.44466987E+00 -0.33783260E+01
  0.45578662E+00 -0.33527746E+01
  0.46690337E+00 -0.33265775E+01
  0.47802011E+00 -0.32997347E+01
  0.48913686E+00 -0.32722462E+01
  0.50025361E+00 -0.32441124E+01
  0.51137035E+00 -0.32153341E+01
  0.52248710E+00 -0.31859122E+01
  0.53360385E+00 -0.31558480E+01
  0.54472059E+00 -0.31251433E+01
  0.55583734E+00 -0.30938003E+01
  0.56695409E+00 -0.30618217E+01
  0.57807084E+00 -0.30292109E+01
  0.58918758E+00 -0.29959718E+01
  0.60030433E+00 -0.29621091E+01
  0.61142108E+00 -0.29276283E+01
  0.62253782E+00 -0.28925358E+01
  0.63365457E+00 -0.28568391E+01
  0.64477132E+00 -0.28205466E+01
  0.65588806E+00 -0.27836683E+01
  0.66700481E+00 -0.27462153E+01
  0.67812156E+00 -0.27082002E+01
  0.68923830E+00 -0.26696376E+01
  0.70035505E+00 -0.26305437E+01
  0.71147180E+00 -0.25909368E+01
  0.72258854E+00 -0.25508377E+01
  0.73370529E+00 -0.25102696E+01
  0.74482204E+00 -0.24692585E+01
  0.75593878E+00 -0.24278335E+01
  0.76705553E+00 -0.23860272E+01
  0.77817228E+00 -0.23438758E+01
  0.78928902E+00 -0.23014199E+01
  0.80040577E+00 -0.22587044E+01
  0.81152252E+00 -0.22157793E+01
  0.82263927E+00 -0.21727003E+01
  0.83375601E+00 -0.21295289E+01
  0.84487276E+00 -0.20863332E+01
  0.85598951E+00 -0.20431886E+01
  0.86710625E+00 -0.20001782E+01
  0.87822300E+00 -0.19573935E+01
  0.88933975E+00 -0.19149352E+01
  0.90045649E+00 -0.18729137E+01
  0.91157324E+00 -0.18314495E+01
  0.92268999E+00 -0.17906742E+01
  0.93380673E+00 -0.17507305E+01
  0.94492348E+00 -0.17117725E+01
  0.95604023E+00 -0.16739658E+01
  0.96715697E+00 -0.16374874E+01
  0.97827372E+00 -0.16025246E+01
  0.98939047E+00 -0.15692741E+01
  0.10005072E+01 -0.15379403E+01
  0.10116240E+01 -0.15087327E+01
  0.10227407E+01 -0.14818631E+01
  0.10338575E+01 -0.14575416E+01
  0.10449742E+01 -0.14359719E+01
  0.10560909E+01 -0.14173466E+01
  0.10672077E+01 -0.14018418E+01
  0.10783244E+01 -0.13896108E+01
  0.10894412E+01 -0.13807799E+01
  0.11005579E+01 -0.13754427E+01
  0.11116747E+01 -0.13736572E+01
  0.11229043E+01 -0.13736643E+01
  0.11341339E+01 -0.13736863E+01
  0.11453635E+01 -0.13737250E+01
  0.11565931E+01 -0.13737833E+01
  0.11678227E+01 -0.13738651E+01
  0.11790523E+01 -0.13739759E+01
  0.11902820E+01 -0.13741220E+01
  0.12015116E+01 -0.13743107E+01
  0.12127412E+01 -0.13745507E+01
  0.12239708E+01 -0.13748515E+01
  0.12352004E+01 -0.13752238E+01
  0.12464300E+01 -0.13756794E+01
  0.12576596E+01 -0.13762308E+01
  0.12688892E+01 -0.13768918E+01
  0.12801188E+01 -0.13776771E+01
  0.12913484E+01 -0.13786023E+01
  0.13025781E+01 -0.13796842E+01
  0.13138077E+01 -0.13809404E+01
  0.13250373E+01 -0.13823898E+01
  0.13362669E+01 -0.13840521E+01
  0.13474965E+01 -0.13859484E+01
  0.13587261E+01 -0.13881006E+01
  0.13699557E+01 -0.13905322E+01
  0.13811853E+01 -0.13932676E+01
  0.13924149E+01 -0.13963328E+01
  0.14036445E+01 -0.13997548E+01
  0.14148742E+01 -0.14035624E+01
  0.14261038E+01 -0.14077855E+01
  0.14373334E+01 -0.14124556E+01
  0.14485630E+01 -0.14176056E+01
  0.14597926E+01 -0.14232698E+01
  0.14710222E+01 -0.14294839E+01
  0.14822518E+01 -0.14362849E+01
  0.14934814E+01 -0.14437109E+01
  0.15047110E+01 -0.14518010E+01
  0.15047110E+01 -0.14518010E+01
  0.15158347E+01 -0.14605088E+01
  0.15269584E+01 -0.14699469E+01
  0.15380820E+01 -0.14801549E+01
  0.15492057E+01 -0.14911721E+01
  0.15603294E+01 -0.15030378E+01
  0.15714531E+01 -0.15157900E+01
  0.15825767E+01 -0.15294656E+01
  0.15937004E+01 -0.15440996E+01
  0.16048241E+01 -0.15597246E+01
  0.16159477E+01 -0.15763704E+01
  0.16270714E+01 -0.15940636E+01
  0.16381951E+01 -0.16128268E+01
  0.16493188E+01 -0.16326782E+01
  0.16604424E+01 -0.16536314E+01
  0.16715661E+01 -0.16756949E+01
  0.16826898E+01 -0.16988716E+01
  0.16938134E+01 -0.17231588E+01
  0.17049371E+01 -0.17485479E+01
  0.17160608E+01 -0.17750246E+01
  0.17271844E+01 -0.18025685E+01
  0.17383081E+01 -0.18311536E+01
  0.17494318E+01 -0.18607482E+01
  0.17605555E+01 -0.18913154E+01
  0.17716791E+01 -0.19228132E+01
  0.17828028E+01 -0.19551952E+01
  0.17939265E+01 -0.19884109E+01
  0.18050501E+01 -0.20224062E+01
  0.18161738E+01 -0.20571240E+01
  0.18272975E+01 -0.20925044E+01
  0.18384211E+01 -0.21284857E+01
  0.18495448E+01 -0.21650049E+01
  0.18606685E+01 -0.22019977E+01
  0.18717922E+01 -0.22393997E+01
  0.18829158E+01 -0.22771461E+01
  0.18940395E+01 -0.23151730E+01
  0.19051632E+01 -0.23534170E+01
  0.19162868E+01 -0.23918160E+01
  0.19274105E+01 -0.24303095E+01
  0.19385342E+01 -0.24688385E+01
  0.19496579E+01 -0.25073463E+01
  0.19607815E+01 -0.25457784E+01
  0.19719052E+01 -0.25840823E+01
  0.19830289E+01 -0.26222084E+01
  0.19941525E+01 -0.26601096E+01
  0.20052762E+01 -0.26977412E+01
  0.20163999E+01 -0.27350615E+01
  0.20275235E+01 -0.27720313E+01
  0.20386472E+01 -0.28086142E+01
  0.20497709E+01 -0.28447763E+01
  0.20608946E+01 -0.28804864E+01
  0.20720182E+01 -0.29157159E+01
  0.20831419E+01 -0.29504386E+01
  0.20942656E+01 -0.29846308E+01
  0.21053892E+01 -0.30182709E+01
  0.21165129E+01 -0.30513396E+01
  0.21276366E+01 -0.30838198E+01
  0.21387602E+01 -0.31156962E+01
  0.21498839E+01 -0.31469555E+01
  0.21610076E+01 -0.31775861E+01
  0.21721313E+01 -0.32075780E+01
  0.21832549E+01 -0.32369228E+01
  0.21943786E+01 -0.32656134E+01
  0.22055023E+01 -0.32936442E+01
  0.22166259E+01 -0.33210104E+01
  0.22277496E+01 -0.33477088E+01
  0.22388733E+01 -0.33737367E+01
  0.22499970E+01 -0.33990925E+01
  0.22611206E+01 -0.34237752E+01
  0.22722443E+01 -0.34477848E+01
  0.22833680E+01 -0.34711214E+01
  0.22944916E+01 -0.34937862E+01
  0.23056153E+01 -0.35157802E+01
  0.23167390E+01 -0.35371053E+01
  0.23278626E+01 -0.35577634E+01
  0.23389863E+01 -0.35777566E+01
  0.23501100E+01 -0.35970873E+01
  0.23612337E+01 -0.36157581E+01
  0.23723573E+01 -0.36337713E+01
  0.23834810E+01 -0.36511297E+01
  0.23946047E+01 -0.36678357E+01
  0.24057283E+01 -0.36838920E+01
  0.24168520E+01 -0.36993011E+01
  0.24279757E+01 -0.37140652E+01
  0.24390993E+01 -0.37281868E+01
  0.24502230E+01 -0.37416680E+01
  0.24613467E+01 -0.37545109E+01
  0.24724704E+01 -0.37667173E+01
  0.24835940E+01 -0.37782891E+01
  0.24947177E+01 -0.37892279E+01
  0.25058414E+01 -0.37995351E+01
  0.25169650E+01 -0.38092123E+01
  0.25280887E+01 -0.38182604E+01
  0.25392124E+01 -0.38266808E+01
  0.25503361E+01 -0.38344742E+01
  0.25614597E+01 -0.38416416E+01
  0.25725834E+01 -0.38481836E+01
  0.25837071E+01 -0.38541010E+01
  0.25948307E+01 -0.38593943E+01
  0.26059544E+01 -0.38640638E+01
  0.26170781E+01 -0.38681101E+01
  0.26282017E+01 -0.38715334E+01
  0.26393254E+01 -0.38743339E+01
  0.26504491E+01 -0.38765119E+01
  0.26615728E+01 -0.38780675E+01
  0.26726964E+01 -0.38790009E+01
  0.26838201E+01 -0.38793120E+01
  0.26948861E+01 -0.38790041E+01
  0.27059520E+01 -0.38780804E+01
  0.27170180E+01 -0.38765409E+01
  0.27280839E+01 -0.38743854E+01
  0.27391499E+01 -0.38716139E+01
  0.27502159E+01 -0.38682261E+01
  0.27612818E+01 -0.38642217E+01
  0.27723478E+01 -0.38596007E+01
  0.27834137E+01 -0.38543626E+01
  0.27944797E+01 -0.38485071E+01
  0.28055457E+01 -0.38420339E+01
  0.28166116E+01 -0.38349425E+01
  0.28276776E+01 -0.38272325E+01
  0.28387435E+01 -0.38189035E+01
  0.28498095E+01 -0.38099549E+01
  0.28608755E+01 -0.38003862E+01
  0.28719414E+01 -0.37901968E+01
  0.28830074E+01 -0.37793862E+01
  0.28940733E+01 -0.37679539E+01
  0.29051393E+01 -0.37558991E+01
  0.29162053E+01 -0.37432214E+01
  0.29272712E+01 -0.37299202E+01
  0.29383372E+01 -0.37159948E+01
  0.29494031E+01 -0.37014448E+01
  0.29604691E+01 -0.36862696E+01
  0.29715351E+01 -0.36704689E+01
  0.29826010E+01 -0.36540421E+01
  0.29936670E+01 -0.36369892E+01
  0.30047329E+01 -0.36193098E+01
  0.30157989E+01 -0.36010039E+01
  0.30268649E+01 -0.35820716E+01
  0.30379308E+01 -0.35625133E+01
  0.30489968E+01 -0.35423295E+01
  0.30600627E+01 -0.35215209E+01
  0.30711287E+01 -0.35000886E+01
  0.30821947E+01 -0.34780341E+01
  0.30932606E+01 -0.34553591E+01
  0.31043266E+01 -0.34320660E+01
  0.31153925E+01 -0.34081575E+01
  0.31264585E+01 -0.33836370E+01
  0.31375245E+01 -0.33585086E+01
  0.31485904E+01 -0.33327771E+01
  0.31596564E+01 -0.33064480E+01
  0.31707223E+01 -0.32795281E+01
  0.31817883E+01 -0.32520250E+01
  0.31928543E+01 -0.32239474E+01
  0.32039202E+01 -0.31953057E+01
  0.32149862E+01 -0.31661114E+01
  0.32260521E+01 -0.31363779E+01
  0.32371181E+01 -0.31061203E+01
  0.32481841E+01 -0.30753557E+01
  0.32592500E+01 -0.30441037E+01
  0.32703160E+01 -0.30123859E+01
  0.32813819E+01 -0.29802271E+01
  0.32924479E+01 -0.29476548E+01
  0.33035139E+01 -0.29146998E+01
  0.33145798E+01 -0.28813967E+01
  0.33256458E+01 -0.28477838E+01
  0.33367117E+01 -0.28139038E+01
  0.33477777E+01 -0.27798040E+01
  0.33588437E+01 -0.27455368E+01
  0.33699096E+01 -0.27111599E+01
  0.33809756E+01 -0.26767368E+01
  0.33920415E+01 -0.26423375E+01
  0.34031075E+01 -0.26080383E+01
  0.34141735E+01 -0.25739226E+01
  0.34252394E+01 -0.25400811E+01
  0.34363054E+01 -0.25066120E+01
  0.34473713E+01 -0.24736215E+01
  0.34584373E+01 -0.24412233E+01
  0.34695033E+01 -0.24095391E+01
  0.34805692E+01 -0.23786982E+01
  0.34916352E+01 -0.23488369E+01
  0.35027011E+01 -0.23200980E+01
  0.35137671E+01 -0.22926298E+01
  0.35248331E+01 -0.22665846E+01
  0.35358990E+01 -0.22421176E+01
  0.35469650E+01 -0.22193843E+01
  0.35580309E+01 -0.21985386E+01
  0.35690969E+01 -0.21797297E+01
  0.35801629E+01 -0.21631000E+01
  0.35912288E+01 -0.21487810E+01
  0.36022948E+01 -0.21368909E+01
  0.36133607E+01 -0.21275316E+01
  0.36244267E+01 -0.21207852E+01
  0.36354927E+01 -0.21167127E+01
  0.36465586E+01 -0.21153509E+01
  0.36576301E+01 -0.21150287E+01
  0.36687015E+01 -0.21140627E+01
  0.36797730E+01 -0.21124550E+01
  0.36908444E+01 -0.21102092E+01
  0.37019158E+01 -0.21073304E+01
  0.37129873E+01 -0.21038247E+01
  0.37240587E+01 -0.20996999E+01
  0.37351302E+01 -0.20949649E+01
  0.37462016E+01 -0.20896299E+01
  0.37572731E+01 -0.20837062E+01
  0.37683445E+01 -0.20772062E+01
  0.37794160E+01 -0.20701434E+01
  0.37904874E+01 -0.20625322E+01
  0.38015589E+01 -0.20543880E+01
  0.38126303E+01 -0.20457266E+01
  0.38237018E+01 -0.20365650E+01
  0.38347732E+01 -0.20269205E+01
  0.38458447E+01 -0.20168110E+01
  0.38569161E+01 -0.20062548E+01
  0.38679875E+01 -0.19952705E+01
  0.38790590E+01 -0.19838772E+01
  0.38901304E+01 -0.19720938E+01
  0.39012019E+01 -0.19599396E+01
  0.39122733E+01 -0.19474339E+01
  0.39233448E+01 -0.19345959E+01
  0.39344162E+01 -0.19214448E+01
  0.39454877E+01 -0.19079997E+01
  0.39565591E+01 -0.18942796E+01
  0.39676306E+01 -0.18803032E+01
  0.39787020E+01 -0.18660894E+01
  0.39897735E+01 -0.18516567E+01
  0.40008449E+01 -0.18370237E+01
  0.40119163E+01 -0.18222087E+01
  0.40229878E+01 -0.18072305E+01
  0.40340592E+01 -0.17921075E+01
  0.40451307E+01 -0.17768587E+01
  0.40562021E+01 -0.17615032E+01
  0.40672736E+01 -0.17460604E+01
  0.40783450E+01 -0.17305505E+01
  0.40894165E+01 -0.17149943E+01
  0.41004879E+01 -0.16994134E+01
  0.41115594E+01 -0.16838302E+01
  0.41226308E+01 -0.16682685E+01
  0.41337023E+01 -0.16527531E+01
  0.41447737E+01 -0.16373104E+01
  0.41558452E+01 -0.16219681E+01
  0.41669166E+01 -0.16067557E+01
  0.41779880E+01 -0.15917042E+01
  0.41890595E+01 -0.15768466E+01
  0.42001309E+01 -0.15622176E+01
  0.42112024E+01 -0.15478537E+01
  0.42222738E+01 -0.15337932E+01
  0.42333453E+01 -0.15200763E+01
  0.42444167E+01 -0.15067443E+01
  0.42554882E+01 -0.14938405E+01
  0.42665596E+01 -0.14814089E+01
  0.42776311E+01 -0.14694946E+01
  0.42887025E+01 -0.14581433E+01
  0.42997740E+01 -0.14474006E+01
  0.43108454E+01 -0.14373121E+01
  0.43219169E+01 -0.14279225E+01
  0.43329883E+01 -0.14192752E+01
  0.43440597E+01 -0.14114118E+01
  0.43551312E+01 -0.14043715E+01
  0.43662026E+01 -0.13981905E+01
  0.43772741E+01 -0.13929015E+01
  0.43883455E+01 -0.13885331E+01
  0.43994170E+01 -0.13851096E+01
  0.44104884E+01 -0.13826502E+01
  0.44215599E+01 -0.13811688E+01
  0.44326313E+01 -0.13806741E+01
  0.44437481E+01 -0.13806672E+01
  0.44548648E+01 -0.13806466E+01
  0.44659816E+01 -0.13806122E+01
  0.44770983E+01 -0.13805643E+01
  0.44882151E+01 -0.13805031E+01
  0.44993318E+01 -0.13804287E+01
  0.45104485E+01 -0.13803415E+01
  0.45215653E+01 -0.13802418E+01
  0.45326820E+01 -0.13801300E+01
  0.45437988E+01 -0.13800066E+01
  0.45549155E+01 -0.13798720E+01
  0.45660323E+01 -0.13797267E+01
  0.45771490E+01 -0.13795713E+01
  0.45882658E+01 -0.13794064E+01
  0.45993825E+01 -0.13792327E+01
  0.46104993E+01 -0.13790508E+01
  0.46216160E+01 -0.13788615E+01
  0.46327328E+01 -0.13786655E+01
  0.46438495E+01 -0.13784636E+01
  0.46549663E+01 -0.13782565E+01
  0.46660830E+01 -0.13780451E+01
  0.46771997E+01 -0.13778302E+01
  0.46883165E+01 -0.13776126E+01
  0.46994332E+01 -0.13773933E+01
  0.47105500E+01 -0.13771730E+01
  0.47216667E+01 -0.13769527E+01
  0.47327835E+01 -0.13767332E+01
  0.47439002E+01 -0.13765153E+01
  0.47550170E+01 -0.13763000E+01
  0.47661337E+01 -0.13760881E+01
  0.47772505E+01 -0.13758805E+01
  0.47883672E+01 -0.13756779E+01
  0.47994840E+01 -0.13754811E+01
  0.48106007E+01 -0.13752910E+01
  0.48217175E+01 -0.13751083E+01
  0.48328342E+01 -0.13749336E+01
  0.48439510E+01 -0.13747679E+01
  0.48550677E+01 -0.13746115E+01
  0.48661844E+01 -0.13744653E+01
  0.48773012E+01 -0.13743298E+01
  0.48884179E+01 -0.13742055E+01
  0.48995347E+01 -0.13740929E+01
  0.49106514E+01 -0.13739924E+01
  0.49217682E+01 -0.13739046E+01
  0.49328849E+01 -0.13738296E+01
  0.49440017E+01 -0.13737679E+01
  0.49551184E+01 -0.13737196E+01
  0.49662352E+01 -0.13736850E+01
  0.49773519E+01 -0.13736641E+01
  0.49884687E+01 -0.13736572E+01
  
  0.00000000E+00  0.88615970E+01
  0.11116747E-01  0.88602330E+01
  0.22233494E-01  0.88561416E+01
  0.33350240E-01  0.88493260E+01
  0.44466987E-01  0.88397910E+01
  0.55583734E-01  0.88275433E+01
  0.66700481E-01  0.88125918E+01
  0.77817228E-01  0.87949472E+01
  0.88933975E-01  0.87746220E+01
  0.10005072E+00  0.87516307E+01
  0.11116747E+00  0.87259899E+01
  0.12228422E+00  0.86977177E+01
  0.13340096E+00  0.86668344E+01
  0.14451771E+00  0.86333619E+01
  0.15563446E+00  0.85973242E+01
  0.16675120E+00  0.85587469E+01
  0.17786795E+00  0.85176575E+01
  0.18898470E+00  0.84740851E+01
  0.20010144E+00  0.84280608E+01
  0.21121819E+00  0.83796173E+01
  0.22233494E+00  0.83287889E+01
  0.23345168E+00  0.82756116E+01
  0.24456843E+00  0.82201232E+01
  0.25568518E+00  0.81623629E+01
  0.26680192E+00  0.81023716E+01
  0.27791867E+00  0.80401916E+01
  0.28903542E+00  0.79758668E+01
  0.30015216E+00  0.79094427E+01
  0.31126891E+00  0.78409658E+01
  0.32238566E+00  0.77704845E+01
  0.33350240E+00  0.76980483E+01
  0.34461915E+00  0.76237079E+01
  0.35573590E+00  0.75475156E+01
  0.36685265E+00  0.74695248E+01
  0.37796939E+00  0.73897899E+01
  0.38908614E+00  0.73083668E+01
  0.40020289E+00  0.72253123E+01
  0.41131963E+00  0.71406844E+01
  0.42243638E+00  0.70545420E+01
  0.43355313E+00  0.69669453E+01
  0.44466987E+00  0.68779552E+01
  0.45578662E+00  0.67876336E+01
  0.46690337E+00  0.66960435E+01
  0.47802011E+00  0.66032484E+01
  0.48913686E+00  0.65093130E+01
  0.50025361E+00  0.64143027E+01
  0.51137035E+00  0.63182836E+01
  0.52248710E+00  0.62213226E+01
  0.53360385E+00  0.61234875E+01
  0.54472059E+00  0.60248465E+01
  0.55583734E+00  0.59254689E+01
  0.56695409E+00  0.58254245E+01
  0.57807084E+00  0.57247837E+01
  0.58918758E+00  0.56236179E+01
  0.60030433E+00  0.55219990E+01
  0.61142108E+00  0.54199997E+01
  0.62253782E+00  0.53176934E+01
  0.63365457E+00  0.52151544E+01
  0.64477132E+00  0.51124579E+01
  0.65588806E+00  0.50096797E+01
  0.66700481E+00  0.49068969E+01
  0.67812156E+00  0.48041876E+01
  0.68923830E+00  0.47016307E+01
  0.70035505E+00  0.45993069E+01
  0.71147180E+00  0.44972978E+01
  0.72258854E+00  0.43956869E+01
  0.73370529E+00  0.42945592E+01
  0.74482204E+00  0.41940018E+01
  0.75593878E+00  0.40941038E+01
  0.76705553E+00  0.39949568E+01
  0.77817228E+00  0.38966550E+01
  0.78928902E+00  0.37992956E+01
  0.80040577E+00  0.37029793E+01
  0.81152252E+00  0.36078105E+01
  0.82263927E+00  0.35138977E+01
  0.83375601E+00  0.34213541E+01
  0.84487276E+00  0.33302980E+01
  0.85598951E+00  0.32408536E+01
  0.86710625E+00  0.31531510E+01
  0.87822300E+00  0.30673274E+01
  0.88933975E+00  0.29835274E+01
  0.90045649E+00  0.29019034E+01
  0.91157324E+00  0.28226167E+01
  0.92268999E+00  0.27458374E+01
  0.93380673E+00  0.26717450E+01
  0.94492348E+00  0.26005286E+01
  0.95604023E+00  0.25323870E+01
  0.96715697E+00  0.24675281E+01
  0.97827372E+00  0.24061685E+01
  0.98939047E+00  0.23485318E+01
  0.10005072E+01  0.22948475E+01
  0.10116240E+01  0.22453482E+01
  0.10227407E+01  0.22002664E+01
  0.10338575E+01  0.21598309E+01
  0.10449742E+01  0.21242621E+01
  0.10560909E+01  0.20937671E+01
  0.10672077E+01  0.20685338E+01
  0.10783244E+01  0.20487259E+01
  0.10894412E+01  0.20344773E+01
  0.11005579E+01  0.20258873E+01
  0.11116747E+01  0.20230171E+01
  0.11229043E+01  0.20233487E+01
  0.11341339E+01  0.20243430E+01
  0.11453635E+01  0.20259975E+01
  0.11565931E+01  0.20283082E+01
  0.11678227E+01  0.20312696E+01
  0.11790523E+01  0.20348744E+01
  0.11902820E+01  0.20391138E+01
  0.12015116E+01  0.20439772E+01
  0.12127412E+01  0.20494523E+01
  0.12239708E+01  0.20555250E+01
  0.12352004E+01  0.20621794E+01
  0.12464300E+01  0.20693980E+01
  0.12576596E+01  0.20771612E+01
  0.12688892E+01  0.20854479E+01
  0.12801188E+01  0.20942351E+01
  0.12913484E+01  0.21034985E+01
  0.13025781E+01  0.21132118E+01
  0.13138077E+01  0.21233478E+01
  0.13250373E+01  0.21338780E+01
  0.13362669E+01  0.21447728E+01
  0.13474965E+01  0.21560025E+01
  0.13587261E+01  0.21675367E+01
  0.13699557E+01  0.21793457E+01
  0.13811853E+01  0.21914004E+01
  0.13924149E+01  0.22036730E+01
  0.14036445E+01  0.22161377E+01
  0.14148742E+01  0.22287714E+01
  0.14261038E+01  0.22415547E+01
  0.14373334E+01  0.22544720E+01
  0.14485630E+01  0.22675132E+01
  0.14597926E+01  0.22806737E+01
  0.14710222E+01  0.22939558E+01
  0.14822518E+01  0.23073693E+01
  0.14934814E+01  0.23209322E+01
  0.15047110E+01  0.23346712E+01
  0.15047110E+01  0.23346712E+01
  0.15158347E+01  0.23484896E+01
  0.15269584E+01  0.23625605E+01
  0.15380820E+01  0.23769377E+01
  0.15492057E+01  0.23916846E+01
  0.15603294E+01  0.24068736E+01
  0.15714531E+01  0.24225862E+01
  0.15825767E+01  0.24389120E+01
  0.15937004E+01  0.24559480E+01
  0.16048241E+01  0.24737979E+01
  0.16159477E+01  0.24925705E+01
  0.16270714E+01  0.25123789E+01
  0.16381951E+01  0.25333388E+01
  0.16493188E+01  0.25555675E+01
  0.16604424E+01  0.25791821E+01
  0.16715661E+01  0.26042983E+01
  0.16826898E+01  0.26310290E+01
  0.16938134E+01  0.26594831E+01
  0.17049371E+01  0.26897643E+01
  0.17160608E+01  0.27219700E+01
  0.17271844E+01  0.27561905E+01
  0.17383081E+01  0.27925083E+01
  0.17494318E+01  0.28309973E+01
  0.17605555E+01  0.28717227E+01
  0.17716791E+01  0.29147403E+01
  0.17828028E+01  0.29600969E+01
  0.17939265E+01  0.30078295E+01
  0.18050501E+01  0.30579662E+01
  0.18161738E+01  0.31105256E+01
  0.18272975E+01  0.31655177E+01
  0.18384211E+01  0.32229438E+01
  0.18495448E+01  0.32827969E+01
  0.18606685E+01  0.33450620E+01
  0.18717922E+01  0.34097168E+01
  0.18829158E+01  0.34767318E+01
  0.18940395E+01  0.35460709E+01
  0.19051632E+01  0.36176915E+01
  0.19162868E+01  0.36915454E+01
  0.19274105E+01  0.37675785E+01
  0.19385342E+01  0.38457318E+01
  0.19496579E+01  0.39259414E+01
  0.19607815E+01  0.40081387E+01
  0.19719052E+01  0.40922512E+01
  0.19830289E+01  0.41782021E+01
  0.19941525E+01  0.42659112E+01
  0.20052762E+01  0.43552946E+01
  0.20163999E+01  0.44462654E+01
  0.20275235E+01  0.45387336E+01
  0.20386472E+01  0.46326063E+01
  0.20497709E+01  0.47277881E+01
  0.20608946E+01  0.48241811E+01
  0.20720182E+01  0.49216853E+01
  0.20831419E+01  0.50201983E+01
  0.20942656E+01  0.51196161E+01
  0.21053892E+01  0.52198327E+01
  0.21165129E+01  0.53207405E+01
  0.21276366E+01  0.54222304E+01
  0.21387602E+01  0.55241921E+01
  0.21498839E+01  0.56265140E+01
  0.21610076E+01  0.57290834E+01
  0.21721313E+01  0.58317869E+01
  0.21832549E+01  0.59345102E+01
  0.21943786E+01  0.60371384E+01
  0.22055023E+01  0.61395563E+01
  0.22166259E+01  0.62416482E+01
  0.22277496E+01  0.63432982E+01
  0.22388733E+01  0.64443908E+01
  0.22499970E+01  0.65448101E+01
  0.22611206E+01  0.66444409E+01
  0.22722443E+01  0.67431682E+01
  0.22833680E+01  0.68408777E+01
  0.22944916E+01  0.69374559E+01
  0.23056153E+01  0.70327902E+01
  0.23167390E+01  0.71267688E+01
  0.23278626E+01  0.72192815E+01
  0.23389863E+01  0.73102191E+01
  0.23501100E+01  0.73994741E+01
  0.23612337E+01  0.74869408E+01
  0.23723573E+01  0.75725149E+01
  0.23834810E+01  0.76560945E+01
  0.23946047E+01  0.77375794E+01
  0.24057283E+01  0.78168720E+01
  0.24168520E+01  0.78938768E+01
  0.24279757E+01  0.79685009E+01
  0.24390993E+01  0.80406542E+01
  0.24502230E+01  0.81102492E+01
  0.24613467E+01  0.81772014E+01
  0.24724704E+01  0.82414294E+01
  0.24835940E+01  0.83028548E+01
  0.24947177E+01  0.83614026E+01
  0.25058414E+01  0.84170011E+01
  0.25169650E+01  0.84695822E+01
  0.25280887E+01  0.85190813E+01
  0.25392124E+01  0.85654376E+01
  0.25503361E+01  0.86085939E+01
  0.25614597E+01  0.86484972E+01
  0.25725834E+01  0.86850980E+01
  0.25837071E+01  0.87183513E+01
  0.25948307E+01  0.87482158E+01
  0.26059544E+01  0.87746546E+01
  0.26170781E+01  0.87976349E+01
  0.26282017E+01  0.88171283E+01
  0.26393254E+01  0.88331105E+01
  0.26504491E+01  0.88455617E+01
  0.26615728E+01  0.88544666E+01
  0.26726964E+01  0.88598139E+01
  0.26838201E+01  0.88615970E+01
  0.26948861E+01  0.88596946E+01
  0.27059520E+01  0.88539893E+01
  0.27170180E+01  0.88444873E+01
  0.27280839E+01  0.88311989E+01
  0.27391499E+01  0.88141385E+01
  0.27502159E+01  0.87933246E+01
  0.27612818E+01  0.87687795E+01
  0.27723478E+01  0.87405299E+01
  0.27834137E+01  0.87086063E+01
  0.27944797E+01  0.86730431E+01
  0.28055457E+01  0.86338787E+01
  0.28166116E+01  0.85911552E+01
  0.28276776E+01  0.85449188E+01
  0.28387435E+01  0.84952192E+01
  0.28498095E+01  0.84421098E+01
  0.28608755E+01  0.83856476E+01
  0.28719414E+01  0.83258933E+01
  0.28830074E+01  0.82629109E+01
  0.28940733E+01  0.81967679E+01
  0.29051393E+01  0.81275349E+01
  0.29162053E+01  0.80552861E+01
  0.29272712E+01  0.79800983E+01
  0.29383372E+01  0.79020519E+01
  0.29494031E+01  0.78212297E+01
  0.29604691E+01  0.77377179E+01
  0.29715351E+01  0.76516049E+01
  0.29826010E+01  0.75629821E+01
  0.29936670E+01  0.74719433E+01
  0.30047329E+01  0.73785849E+01
  0.30157989E+01  0.72830054E+01
  0.30268649E+01  0.71853058E+01
  0.30379308E+01  0.70855890E+01
  0.30489968E+01  0.69839600E+01
  0.30600627E+01  0.68805258E+01
  0.30711287E+01  0.67753953E+01
  0.30821947E+01  0.66686789E+01
  0.30932606E+01  0.65604889E+01
  0.31043266E+01  0.64509391E+01
  0.31153925E+01  0.63401447E+01
  0.31264585E+01  0.62282223E+01
  0.31375245E+01  0.61152900E+01
  0.31485904E+01  0.60014671E+01
  0.31596564E+01  0.58868741E+01
  0.31707223E+01  0.57716325E+01
  0.31817883E+01  0.56558653E+01
  0.31928543E+01  0.55396964E+01
  0.32039202E+01  0.54232508E+01
  0.32149862E+01  0.53066546E+01
  0.32260521E+01  0.51900352E+01
  0.32371181E+01  0.50735209E+01
  0.32481841E+01  0.49572413E+01
  0.32592500E+01  0.48413274E+01
  0.32703160E+01  0.47259114E+01
  0.32813819E+01  0.46111270E+01
  0.32924479E+01  0.44971095E+01
  0.33035139E+01  0.43839961E+01
  0.33145798E+01  0.42719256E+01
  0.33256458E+01  0.41610391E+01
  0.33367117E+01  0.40514801E+01
  0.33477777E+01  0.39433945E+01
  0.33588437E+01  0.38369312E+01
  0.33699096E+01  0.37322421E+01
  0.33809756E+01  0.36294823E+01
  0.33920415E+01  0.35288109E+01
  0.34031075E+01  0.34303906E+01
  0.34141735E+01  0.33343884E+01
  0.34252394E+01  0.32409757E+01
  0.34363054E+01  0.31503284E+01
  0.34473713E+01  0.30626272E+01
  0.34584373E+01  0.29780572E+01
  0.34695033E+01  0.28968081E+01
  0.34805692E+01  0.28190737E+01
  0.34916352E+01  0.27450516E+01
  0.35027011E+01  0.26749421E+01
  0.35137671E+01  0.26089475E+01
  0.35248331E+01  0.25472703E+01
  0.35358990E+01  0.24901121E+01
  0.35469650E+01  0.24376710E+01
  0.35580309E+01  0.23901397E+01
  0.35690969E+01  0.23477024E+01
  0.35801629E+01  0.23105319E+01
  0.35912288E+01  0.22787867E+01
  0.36022948E+01  0.22526078E+01
  0.36133607E+01  0.22321156E+01
  0.36244267E+01  0.22174068E+01
  0.36354927E+01  0.22085525E+01
  0.36465586E+01  0.22055963E+01
  0.36576301E+01  0.22057660E+01
  0.36687015E+01  0.22062755E+01
  0.36797730E+01  0.22071249E+01
  0.36908444E+01  0.22083147E+01
  0.37019158E+01  0.22098455E+01
  0.37129873E+01  0.22117181E+01
  0.37240587E+01  0.22139332E+01
  0.37351302E+01  0.22164913E+01
  0.37462016E+01  0.22193930E+01
  0.37572731E+01  0.22226386E+01
  0.37683445E+01  0.22262279E+01
  0.37794160E+01  0.22301602E+01
  0.37904874E+01  0.22344343E+01
  0.38015589E+01  0.22390479E+01
  0.38126303E+01  0.22439981E+01
  0.38237018E+01  0.22492806E+01
  0.38347732E+01  0.22548897E+01
  0.38458447E+01  0.22608185E+01
  0.38569161E+01  0.22670582E+01
  0.38679875E+01  0.22735980E+01
  0.38790590E+01  0.22804253E+01
  0.38901304E+01  0.22875250E+01
  0.39012019E+01  0.22948797E+01
  0.39122733E+01  0.23024695E+01
  0.39233448E+01  0.23102714E+01
  0.39344162E+01  0.23182598E+01
  0.39454877E+01  0.23264059E+01
  0.39565591E+01  0.23346780E+01
  0.39676306E+01  0.23430412E+01
  0.39787020E+01  0.23514573E+01
  0.39897735E+01  0.23598852E+01
  0.40008449E+01  0.23682806E+01
  0.40119163E+01  0.23765965E+01
  0.40229878E+01  0.23847831E+01
  0.40340592E+01  0.23927886E+01
  0.40451307E+01  0.24005589E+01
  0.40562021E+01  0.24080386E+01
  0.40672736E+01  0.24151716E+01
  0.40783450E+01  0.24219014E+01
  0.40894165E+01  0.24281724E+01
  0.41004879E+01  0.24339302E+01
  0.41115594E+01  0.24391231E+01
  0.41226308E+01  0.24437029E+01
  0.41337023E+01  0.24476260E+01
  0.41447737E+01  0.24508548E+01
  0.41558452E+01  0.24533586E+01
  0.41669166E+01  0.24551146E+01
  0.41779880E+01  0.24561095E+01
  0.41890595E+01  0.24563399E+01
  0.42001309E+01  0.24558133E+01
  0.42112024E+01  0.24545487E+01
  0.42222738E+01  0.24525769E+01
  0.42333453E+01  0.24499405E+01
  0.42444167E+01  0.24466935E+01
  0.42554882E+01  0.24429013E+01
  0.42665596E+01  0.24386392E+01
  0.42776311E+01  0.24339916E+01
  0.42887025E+01  0.24290505E+01
  0.42997740E+01  0.24239136E+01
  0.43108454E+01  0.24186830E+01
  0.43219169E+01  0.24134626E+01
  0.43329883E+01  0.24083565E+01
  0.43440597E+01  0.24034666E+01
  0.43551312E+01  0.23988907E+01
  0.43662026E+01  0.23947203E+01
  0.43772741E+01  0.23910391E+01
  0.43883455E+01  0.23879209E+01
  0.43994170E+01  0.23854282E+01
  0.44104884E+01  0.23836110E+01
  0.44215599E+01  0.23825059E+01
  0.44326313E+01  0.23821351E+01
  0.44437481E+01  0.23817455E+01
  0.44548648E+01  0.23805789E+01
  0.44659816E+01  0.23786413E+01
  0.44770983E+01  0.23759429E+01
  0.44882151E+01  0.23724976E+01
  0.44993318E+01  0.23683234E+01
  0.45104485E+01  0.23634416E+01
  0.45215653E+01  0.23578771E+01
  0.45326820E+01  0.23516580E+01
  0.45437988E+01  0.23448153E+01
  0.45549155E+01  0.23373829E+01
  0.45660323E+01  0.23293970E+01
  0.45771490E+01  0.23208960E+01
  0.45882658E+01  0.23119202E+01
  0.45993825E+01  0.23025116E+01
  0.46104993E+01  0.22927135E+01
  0.46216160E+01  0.22825702E+01
  0.46327328E+01  0.22721270E+01
  0.46438495E+01  0.22614295E+01
  0.46549663E+01  0.22505238E+01
  0.46660830E+01  0.22394561E+01
  0.46771997E+01  0.22282725E+01
  0.46883165E+01  0.22170185E+01
  0.46994332E+01  0.22057394E+01
  0.47105500E+01  0.21944799E+01
  0.47216667E+01  0.21832834E+01
  0.47327835E+01  0.21721929E+01
  0.47439002E+01  0.21612500E+01
  0.47550170E+01  0.21504951E+01
  0.47661337E+01  0.21399673E+01
  0.47772505E+01  0.21297044E+01
  0.47883672E+01  0.21197427E+01
  0.47994840E+01  0.21101169E+01
  0.48106007E+01  0.21008600E+01
  0.48217175E+01  0.20920035E+01
  0.48328342E+01  0.20835770E+01
  0.48439510E+01  0.20756086E+01
  0.48550677E+01  0.20681243E+01
  0.48661844E+01  0.20611483E+01
  0.48773012E+01  0.20547033E+01
  0.48884179E+01  0.20488097E+01
  0.48995347E+01  0.20434861E+01
  0.49106514E+01  0.20387493E+01
  0.49217682E+01  0.20346141E+01
  0.49328849E+01  0.20310933E+01
  0.49440017E+01  0.20281977E+01
  0.49551184E+01  0.20259364E+01
  0.49662352E+01  0.20243162E+01
  0.49773519E+01  0.20233421E+01
  0.49884687E+01  0.20230171E+01
  
  0.00000000E+00  0.88615970E+01
  0.11116747E-01  0.88609419E+01
  0.22233494E-01  0.88589772E+01
  0.33350240E-01  0.88557048E+01
  0.44466987E-01  0.88511277E+01
  0.55583734E-01  0.88452503E+01
  0.66700481E-01  0.88380783E+01
  0.77817228E-01  0.88296185E+01
  0.88933975E-01  0.88198788E+01
  0.10005072E+00  0.88088687E+01
  0.11116747E+00  0.87965985E+01
  0.12228422E+00  0.87830800E+01
  0.13340096E+00  0.87683261E+01
  0.14451771E+00  0.87523509E+01
  0.15563446E+00  0.87351695E+01
  0.16675120E+00  0.87167984E+01
  0.17786795E+00  0.86972551E+01
  0.18898470E+00  0.86765583E+01
  0.20010144E+00  0.86547279E+01
  0.21121819E+00  0.86317847E+01
  0.22233494E+00  0.86077506E+01
  0.23345168E+00  0.85826487E+01
  0.24456843E+00  0.85565030E+01
  0.25568518E+00  0.85293387E+01
  0.26680192E+00  0.85011818E+01
  0.27791867E+00  0.84720594E+01
  0.28903542E+00  0.84419994E+01
  0.30015216E+00  0.84110308E+01
  0.31126891E+00  0.83791835E+01
  0.32238566E+00  0.83464881E+01
  0.33350240E+00  0.83129762E+01
  0.34461915E+00  0.82786801E+01
  0.35573590E+00  0.82436331E+01
  0.36685265E+00  0.82078689E+01
  0.37796939E+00  0.81714223E+01
  0.38908614E+00  0.81343286E+01
  0.40020289E+00  0.80966238E+01
  0.41131963E+00  0.80583444E+01
  0.42243638E+00  0.80195278E+01
  0.43355313E+00  0.79802118E+01
  0.44466987E+00  0.79404345E+01
  0.45578662E+00  0.79002349E+01
  0.46690337E+00  0.78596522E+01
  0.47802011E+00  0.78187261E+01
  0.48913686E+00  0.77774965E+01
  0.50025361E+00  0.77360041E+01
  0.51137035E+00  0.76942893E+01
  0.52248710E+00  0.76523932E+01
  0.53360385E+00  0.76103570E+01
  0.54472059E+00  0.75682220E+01
  0.55583734E+00  0.75260298E+01
  0.56695409E+00  0.74838219E+01
  0.57807084E+00  0.74416401E+01
  0.58918758E+00  0.73995260E+01
  0.60030433E+00  0.73575213E+01
  0.61142108E+00  0.73156677E+01
  0.62253782E+00  0.72740066E+01
  0.63365457E+00  0.72325794E+01
  0.64477132E+00  0.71914273E+01
  0.65588806E+00  0.71505912E+01
  0.66700481E+00  0.71101118E+01
  0.67812156E+00  0.70700295E+01
  0.68923830E+00  0.70303843E+01
  0.70035505E+00  0.69912157E+01
  0.71147180E+00  0.69525630E+01
  0.72258854E+00  0.69144649E+01
  0.73370529E+00  0.68769595E+01
  0.74482204E+00  0.68400845E+01
  0.75593878E+00  0.68038768E+01
  0.76705553E+00  0.67683730E+01
  0.77817228E+00  0.67336086E+01
  0.78928902E+00  0.66996187E+01
  0.80040577E+00  0.66664376E+01
  0.81152252E+00  0.66340986E+01
  0.82263927E+00  0.66026346E+01
  0.83375601E+00  0.65720771E+01
  0.84487276E+00  0.65424572E+01
  0.85598951E+00  0.65138048E+01
  0.86710625E+00  0.64861488E+01
  0.87822300E+00  0.64595174E+01
  0.88933975E+00  0.64339375E+01
  0.90045649E+00  0.64094351E+01
  0.91157324E+00  0.63860351E+01
  0.92268999E+00  0.63637612E+01
  0.93380673E+00  0.63426360E+01
  0.94492348E+00  0.63226811E+01
  0.95604023E+00  0.63039167E+01
  0.96715697E+00  0.62863619E+01
  0.97827372E+00  0.62700347E+01
  0.98939047E+00  0.62549516E+01
  0.10005072E+01  0.62411281E+01
  0.10116240E+01  0.62285781E+01
  0.10227407E+01  0.62173146E+01
  0.10338575E+01  0.62073490E+01
  0.10449742E+01  0.61986915E+01
  0.10560909E+01  0.61913509E+01
  0.10672077E+01  0.61853347E+01
  0.10783244E+01  0.61806490E+01
  0.10894412E+01  0.61772987E+01
  0.11005579E+01  0.61752871E+01
  0.11116747E+01  0.61746164E+01
  0.11229043E+01  0.61738905E+01
  0.11341339E+01  0.61717163E+01
  0.11453635E+01  0.61681045E+01
  0.11565931E+01  0.61630725E+01
  0.11678227E+01  0.61566449E+01
  0.11790523E+01  0.61488535E+01
  0.11902820E+01  0.61397366E+01
  0.12015116E+01  0.61293397E+01
  0.12127412E+01  0.61177152E+01
  0.12239708E+01  0.61049221E+01
  0.12352004E+01  0.60910262E+01
  0.12464300E+01  0.60761001E+01
  0.12576596E+01  0.60602226E+01
  0.12688892E+01  0.60434789E+01
  0.12801188E+01  0.60259606E+01
  0.12913484E+01  0.60077650E+01
  0.13025781E+01  0.59889952E+01
  0.13138077E+01  0.59697598E+01
  0.13250373E+01  0.59501725E+01
  0.13362669E+01  0.59303516E+01
  0.13474965E+01  0.59104198E+01
  0.13587261E+01  0.58905034E+01
  0.13699557E+01  0.58707321E+01
  0.13811853E+01  0.58512379E+01
  0.13924149E+01  0.58321549E+01
  0.14036445E+01  0.58136181E+01
  0.14148742E+01  0.57957625E+01
  0.14261038E+01  0.57787228E+01
  0.14373334E+01  0.57626316E+01
  0.14485630E+01  0.57476189E+01
  0.14597926E+01  0.57338109E+01
  0.14710222E+01  0.57213290E+01
  0.14822518E+01  0.57102885E+01
  0.14934814E+01  0.57007978E+01
  0.15047110E+01  0.56929573E+01
  0.15047110E+01  0.56929573E+01
  0.15158347E+01  0.56869077E+01
  0.15269584E+01  0.56826465E+01
  0.15380820E+01  0.56802433E+01
  0.15492057E+01  0.56797570E+01
  0.15603294E+01  0.56812355E+01
  0.15714531E+01  0.56847156E+01
  0.15825767E+01  0.56902230E+01
  0.15937004E+01  0.56977720E+01
  0.16048241E+01  0.57073663E+01
  0.16159477E+01  0.57189991E+01
  0.16270714E+01  0.57326538E+01
  0.16381951E+01  0.57483045E+01
  0.16493188E+01  0.57659168E+01
  0.16604424E+01  0.57854486E+01
  0.16715661E+01  0.58068511E+01
  0.16826898E+01  0.58300695E+01
  0.16938134E+01  0.58550438E+01
  0.17049371E+01  0.58817099E+01
  0.17160608E+01  0.59100002E+01
  0.17271844E+01  0.59398445E+01
  0.17383081E+01  0.59711706E+01
  0.17494318E+01  0.60039051E+01
  0.17605555E+01  0.60379740E+01
  0.17716791E+01  0.60733028E+01
  0.17828028E+01  0.61098177E+01
  0.17939265E+01  0.61474454E+01
  0.18050501E+01  0.61861138E+01
  0.18161738E+01  0.62257518E+01
  0.18272975E+01  0.62662903E+01
  0.18384211E+01  0.63076617E+01
  0.18495448E+01  0.63498002E+01
  0.18606685E+01  0.63926424E+01
  0.18717922E+01  0.64361265E+01
  0.18829158E+01  0.64801930E+01
  0.18940395E+01  0.65247847E+01
  0.19051632E+01  0.65698464E+01
  0.19162868E+01  0.66153249E+01
  0.19274105E+01  0.66611692E+01
  0.19385342E+01  0.67073303E+01
  0.19496579E+01  0.67537612E+01
  0.19607815E+01  0.68004166E+01
  0.19719052E+01  0.68472532E+01
  0.19830289E+01  0.68942293E+01
  0.19941525E+01  0.69413050E+01
  0.20052762E+01  0.69884418E+01
  0.20163999E+01  0.70356026E+01
  0.20275235E+01  0.70827517E+01
  0.20386472E+01  0.71298549E+01
  0.20497709E+01  0.71768787E+01
  0.20608946E+01  0.72237911E+01
  0.20720182E+01  0.72705609E+01
  0.20831419E+01  0.73171576E+01
  0.20942656E+01  0.73635519E+01
  0.21053892E+01  0.74097149E+01
  0.21165129E+01  0.74556184E+01
  0.21276366E+01  0.75012348E+01
  0.21387602E+01  0.75465371E+01
  0.21498839E+01  0.75914984E+01
  0.21610076E+01  0.76360923E+01
  0.21721313E+01  0.76802929E+01
  0.21832549E+01  0.77240742E+01
  0.21943786E+01  0.77674104E+01
  0.22055023E+01  0.78102762E+01
  0.22166259E+01  0.78526459E+01
  0.22277496E+01  0.78944943E+01
  0.22388733E+01  0.79357958E+01
  0.22499970E+01  0.79765252E+01
  0.22611206E+01  0.80166570E+01
  0.22722443E+01  0.80561659E+01
  0.22833680E+01  0.80950264E+01
  0.22944916E+01  0.81332130E+01
  0.23056153E+01  0.81707003E+01
  0.23167390E+01  0.82074628E+01
  0.23278626E+01  0.82434749E+01
  0.23389863E+01  0.82787112E+01
  0.23501100E+01  0.83131463E+01
  0.23612337E+01  0.83467548E+01
  0.23723573E+01  0.83795114E+01
  0.23834810E+01  0.84113910E+01
  0.23946047E+01  0.84423689E+01
  0.24057283E+01  0.84724202E+01
  0.24168520E+01  0.85015206E+01
  0.24279757E+01  0.85296460E+01
  0.24390993E+01  0.85567729E+01
  0.24502230E+01  0.85828779E+01
  0.24613467E+01  0.86079383E+01
  0.24724704E+01  0.86319319E+01
  0.24835940E+01  0.86548373E+01
  0.24947177E+01  0.86766335E+01
  0.25058414E+01  0.86973004E+01
  0.25169650E+01  0.87168186E+01
  0.25280887E+01  0.87351695E+01
  0.25392124E+01  0.87523356E+01
  0.25503361E+01  0.87683002E+01
  0.25614597E+01  0.87830476E+01
  0.25725834E+01  0.87965632E+01
  0.25837071E+01  0.88088336E+01
  0.25948307E+01  0.88198463E+01
  0.26059544E+01  0.88295902E+01
  0.26170781E+01  0.88380554E+01
  0.26282017E+01  0.88452331E+01
  0.26393254E+01  0.88511159E+01
  0.26504491E+01  0.88556978E+01
  0.26615728E+01  0.88589740E+01
  0.26726964E+01  0.88609411E+01
  0.26838201E+01  0.88615970E+01
  0.26948861E+01  0.88612233E+01
  0.27059520E+01  0.88601027E+01
  0.27170180E+01  0.88582366E+01
  0.27280839E+01  0.88556274E+01
  0.27391499E+01  0.88522786E+01
  0.27502159E+01  0.88481945E+01
  0.27612818E+01  0.88433805E+01
  0.27723478E+01  0.88378428E+01
  0.27834137E+01  0.88315886E+01
  0.27944797E+01  0.88246261E+01
  0.28055457E+01  0.88169644E+01
  0.28166116E+01  0.88086135E+01
  0.28276776E+01  0.87995843E+01
  0.28387435E+01  0.87898884E+01
  0.28498095E+01  0.87795387E+01
  0.28608755E+01  0.87685485E+01
  0.28719414E+01  0.87569322E+01
  0.28830074E+01  0.87447049E+01
  0.28940733E+01  0.87318826E+01
  0.29051393E+01  0.87184821E+01
  0.29162053E+01  0.87045206E+01
  0.29272712E+01  0.86900166E+01
  0.29383372E+01  0.86749888E+01
  0.29494031E+01  0.86594570E+01
  0.29604691E+01  0.86434412E+01
  0.29715351E+01  0.86269625E+01
  0.29826010E+01  0.86100422E+01
  0.29936670E+01  0.85927025E+01
  0.30047329E+01  0.85749660E+01
  0.30157989E+01  0.85568557E+01
  0.30268649E+01  0.85383954E+01
  0.30379308E+01  0.85196090E+01
  0.30489968E+01  0.85005211E+01
  0.30600627E+01  0.84811565E+01
  0.30711287E+01  0.84615406E+01
  0.30821947E+01  0.84416988E+01
  0.30932606E+01  0.84216570E+01
  0.31043266E+01  0.84014415E+01
  0.31153925E+01  0.83810784E+01
  0.31264585E+01  0.83605944E+01
  0.31375245E+01  0.83400163E+01
  0.31485904E+01  0.83193707E+01
  0.31596564E+01  0.82986847E+01
  0.31707223E+01  0.82779852E+01
  0.31817883E+01  0.82572991E+01
  0.31928543E+01  0.82366536E+01
  0.32039202E+01  0.82160754E+01
  0.32149862E+01  0.81955914E+01
  0.32260521E+01  0.81752284E+01
  0.32371181E+01  0.81550128E+01
  0.32481841E+01  0.81349711E+01
  0.32592500E+01  0.81151293E+01
  0.32703160E+01  0.80955133E+01
  0.32813819E+01  0.80761487E+01
  0.32924479E+01  0.80570608E+01
  0.33035139E+01  0.80382744E+01
  0.33145798E+01  0.80198141E+01
  0.33256458E+01  0.80017039E+01
  0.33367117E+01  0.79839673E+01
  0.33477777E+01  0.79666276E+01
  0.33588437E+01  0.79497074E+01
  0.33699096E+01  0.79332286E+01
  0.33809756E+01  0.79172129E+01
  0.33920415E+01  0.79016810E+01
  0.34031075E+01  0.78866532E+01
  0.34141735E+01  0.78721492E+01
  0.34252394E+01  0.78581878E+01
  0.34363054E+01  0.78447872E+01
  0.34473713E+01  0.78319649E+01
  0.34584373E+01  0.78197377E+01
  0.34695033E+01  0.78081214E+01
  0.34805692E+01  0.77971312E+01
  0.34916352E+01  0.77867814E+01
  0.35027011E+01  0.77770856E+01
  0.35137671E+01  0.77680563E+01
  0.35248331E+01  0.77597054E+01
  0.35358990E+01  0.77520437E+01
  0.35469650E+01  0.77450813E+01
  0.35580309E+01  0.77388271E+01
  0.35690969E+01  0.77332894E+01
  0.35801629E+01  0.77284754E+01
  0.35912288E+01  0.77243913E+01
  0.36022948E+01  0.77210425E+01
  0.36133607E+01  0.77184333E+01
  0.36244267E+01  0.77165672E+01
  0.36354927E+01  0.77154465E+01
  0.36465586E+01  0.77150728E+01
  0.36576301E+01  0.77138365E+01
  0.36687015E+01  0.77101303E+01
  0.36797730E+01  0.77039622E+01
  0.36908444E+01  0.76953451E+01
  0.37019158E+01  0.76842978E+01
  0.37129873E+01  0.76708438E+01
  0.37240587E+01  0.76550121E+01
  0.37351302E+01  0.76368369E+01
  0.37462016E+01  0.76163577E+01
  0.37572731E+01  0.75936191E+01
  0.37683445E+01  0.75686710E+01
  0.37794160E+01  0.75415684E+01
  0.37904874E+01  0.75123715E+01
  0.38015589E+01  0.74811456E+01
  0.38126303E+01  0.74479613E+01
  0.38237018E+01  0.74128939E+01
  0.38347732E+01  0.73760243E+01
  0.38458447E+01  0.73374379E+01
  0.38569161E+01  0.72972256E+01
  0.38679875E+01  0.72554828E+01
  0.38790590E+01  0.72123101E+01
  0.38901304E+01  0.71678128E+01
  0.39012019E+01  0.71221013E+01
  0.39122733E+01  0.70752903E+01
  0.39233448E+01  0.70274994E+01
  0.39344162E+01  0.69788527E+01
  0.39454877E+01  0.69294788E+01
  0.39565591E+01  0.68795103E+01
  0.39676306E+01  0.68290843E+01
  0.39787020E+01  0.67783413E+01
  0.39897735E+01  0.67274258E+01
  0.40008449E+01  0.66764856E+01
  0.40119163E+01  0.66256712E+01
  0.40229878E+01  0.65751359E+01
  0.40340592E+01  0.65250350E+01
  0.40451307E+01  0.64755253E+01
  0.40562021E+01  0.64267643E+01
  0.40672736E+01  0.63789096E+01
  0.40783450E+01  0.63321182E+01
  0.40894165E+01  0.62865450E+01
  0.41004879E+01  0.62423423E+01
  0.41115594E+01  0.61996583E+01
  0.41226308E+01  0.61586361E+01
  0.41337023E+01  0.61194119E+01
  0.41447737E+01  0.60821142E+01
  0.41558452E+01  0.60468617E+01
  0.41669166E+01  0.60137625E+01
  0.41779880E+01  0.59829123E+01
  0.41890595E+01  0.59543928E+01
  0.42001309E+01  0.59282708E+01
  0.42112024E+01  0.59045969E+01
  0.42222738E+01  0.58834042E+01
  0.42333453E+01  0.58647073E+01
  0.42444167E+01  0.58485018E+01
  0.42554882E+01  0.58347631E+01
  0.42665596E+01  0.58234457E+01
  0.42776311E+01  0.58144825E+01
  0.42887025E+01  0.58077834E+01
  0.42997740E+01  0.58032344E+01
  0.43108454E+01  0.58006952E+01
  0.43219169E+01  0.57999971E+01
  0.43329883E+01  0.58009393E+01
  0.43440597E+01  0.58032851E+01
  0.43551312E+01  0.58067572E+01
  0.43662026E+01  0.58110334E+01
  0.43772741E+01  0.58157455E+01
  0.43883455E+01  0.58204830E+01
  0.43994170E+01  0.58248093E+01
  0.44104884E+01  0.58282929E+01
  0.44215599E+01  0.58305582E+01
  0.44326313E+01  0.58313445E+01
  0.44437481E+01  0.58317184E+01
  0.44548648E+01  0.58328382E+01
  0.44659816E+01  0.58346979E+01
  0.44770983E+01  0.58372877E+01
  0.44882151E+01  0.58405941E+01
  0.44993318E+01  0.58445998E+01
  0.45104485E+01  0.58492839E+01
  0.45215653E+01  0.58546224E+01
  0.45326820E+01  0.58605882E+01
  0.45437988E+01  0.58671510E+01
  0.45549155E+01  0.58742784E+01
  0.45660323E+01  0.58819351E+01
  0.45771490E+01  0.58900842E+01
  0.45882658E+01  0.58986866E+01
  0.45993825E+01  0.59077019E+01
  0.46104993E+01  0.59170884E+01
  0.46216160E+01  0.59268032E+01
  0.46327328E+01  0.59368030E+01
  0.46438495E+01  0.59470437E+01
  0.46549663E+01  0.59574810E+01
  0.46660830E+01  0.59680707E+01
  0.46771997E+01  0.59787687E+01
  0.46883165E+01  0.59895310E+01
  0.46994332E+01  0.60003145E+01
  0.47105500E+01  0.60110766E+01
  0.47216667E+01  0.60217756E+01
  0.47327835E+01  0.60323706E+01
  0.47439002E+01  0.60428219E+01
  0.47550170E+01  0.60530910E+01
  0.47661337E+01  0.60631408E+01
  0.47772505E+01  0.60729354E+01
  0.47883672E+01  0.60824403E+01
  0.47994840E+01  0.60916226E+01
  0.48106007E+01  0.61004511E+01
  0.48217175E+01  0.61088959E+01
  0.48328342E+01  0.61169291E+01
  0.48439510E+01  0.61245242E+01
  0.48550677E+01  0.61316566E+01
  0.48661844E+01  0.61383033E+01
  0.48773012E+01  0.61444433E+01
  0.48884179E+01  0.61500572E+01
  0.48995347E+01  0.61551274E+01
  0.49106514E+01  0.61596382E+01
  0.49217682E+01  0.61635758E+01
  0.49328849E+01  0.61669280E+01
  0.49440017E+01  0.61696846E+01
  0.49551184E+01  0.61718374E+01
  0.49662352E+01  0.61733797E+01
  0.49773519E+01  0.61743070E+01
  0.49884687E+01  0.61746164E+01
  
  0.00000000E+00  0.88615970E+01
  0.11116747E-01  0.88609419E+01
  0.22233494E-01  0.88589772E+01
  0.33350240E-01  0.88557048E+01
  0.44466987E-01  0.88511277E+01
  0.55583734E-01  0.88452503E+01
  0.66700481E-01  0.88380783E+01
  0.77817228E-01  0.88296185E+01
  0.88933975E-01  0.88198788E+01
  0.10005072E+00  0.88088687E+01
  0.11116747E+00  0.87965985E+01
  0.12228422E+00  0.87830801E+01
  0.13340096E+00  0.87683261E+01
  0.14451771E+00  0.87523509E+01
  0.15563446E+00  0.87351695E+01
  0.16675120E+00  0.87167984E+01
  0.17786795E+00  0.86972551E+01
  0.18898470E+00  0.86765584E+01
  0.20010144E+00  0.86547279E+01
  0.21121819E+00  0.86317847E+01
  0.22233494E+00  0.86077506E+01
  0.23345168E+00  0.85826487E+01
  0.24456843E+00  0.85565030E+01
  0.25568518E+00  0.85293387E+01
  0.26680192E+00  0.85011818E+01
  0.27791867E+00  0.84720594E+01
  0.28903542E+00  0.84419994E+01
  0.30015216E+00  0.84110308E+01
  0.31126891E+00  0.83791835E+01
  0.32238566E+00  0.83464881E+01
  0.33350240E+00  0.83129762E+01
  0.34461915E+00  0.82786802E+01
  0.35573590E+00  0.82436331E+01
  0.36685265E+00  0.82078689E+01
  0.37796939E+00  0.81714223E+01
  0.38908614E+00  0.81343286E+01
  0.40020289E+00  0.80966238E+01
  0.41131963E+00  0.80583444E+01
  0.42243638E+00  0.80195278E+01
  0.43355313E+00  0.79802118E+01
  0.44466987E+00  0.79404345E+01
  0.45578662E+00  0.79002349E+01
  0.46690337E+00  0.78596522E+01
  0.47802011E+00  0.78187261E+01
  0.48913686E+00  0.77774966E+01
  0.50025361E+00  0.77360041E+01
  0.51137035E+00  0.76942893E+01
  0.52248710E+00  0.76523932E+01
  0.53360385E+00  0.76103570E+01
  0.54472059E+00  0.75682220E+01
  0.55583734E+00  0.75260298E+01
  0.56695409E+00  0.74838219E+01
  0.57807084E+00  0.74416401E+01
  0.58918758E+00  0.73995260E+01
  0.60030433E+00  0.73575213E+01
  0.61142108E+00  0.73156677E+01
  0.62253782E+00  0.72740066E+01
  0.63365457E+00  0.72325794E+01
  0.64477132E+00  0.71914273E+01
  0.65588806E+00  0.71505912E+01
  0.66700481E+00  0.71101118E+01
  0.67812156E+00  0.70700295E+01
  0.68923830E+00  0.70303843E+01
  0.70035505E+00  0.69912157E+01
  0.71147180E+00  0.69525630E+01
  0.72258854E+00  0.69144649E+01
  0.73370529E+00  0.68769595E+01
  0.74482204E+00  0.68400845E+01
  0.75593878E+00  0.68038769E+01
  0.76705553E+00  0.67683730E+01
  0.77817228E+00  0.67336086E+01
  0.78928902E+00  0.66996187E+01
  0.80040577E+00  0.66664376E+01
  0.81152252E+00  0.66340987E+01
  0.82263927E+00  0.66026346E+01
  0.83375601E+00  0.65720771E+01
  0.84487276E+00  0.65424572E+01
  0.85598951E+00  0.65138048E+01
  0.86710625E+00  0.64861488E+01
  0.87822300E+00  0.64595174E+01
  0.88933975E+00  0.64339376E+01
  0.90045649E+00  0.64094351E+01
  0.91157324E+00  0.63860351E+01
  0.92268999E+00  0.63637612E+01
  0.93380673E+00  0.63426360E+01
  0.94492348E+00  0.63226811E+01
  0.95604023E+00  0.63039167E+01
  0.96715697E+00  0.62863619E+01
  0.97827372E+00  0.62700347E+01
  0.98939047E+00  0.62549516E+01
  0.10005072E+01  0.62411281E+01
  0.10116240E+01  0.62285781E+01
  0.10227407E+01  0.62173146E+01
  0.10338575E+01  0.62073490E+01
  0.10449742E+01  0.61986915E+01
  0.10560909E+01  0.61913509E+01
  0.10672077E+01  0.61853347E+01
  0.10783244E+01  0.61806490E+01
  0.10894412E+01  0.61772987E+01
  0.11005579E+01  0.61752871E+01
  0.11116747E+01  0.61746164E+01
  0.11229043E+01  0.61750498E+01
  0.11341339E+01  0.61763497E+01
  0.11453635E+01  0.61785150E+01
  0.11565931E+01  0.61815439E+01
  0.11678227E+01  0.61854338E+01
  0.11790523E+01  0.61901816E+01
  0.11902820E+01  0.61957832E+01
  0.12015116E+01  0.62022340E+01
  0.12127412E+01  0.62095286E+01
  0.12239708E+01  0.62176611E+01
  0.12352004E+01  0.62266245E+01
  0.12464300E+01  0.62364116E+01
  0.12576596E+01  0.62470141E+01
  0.12688892E+01  0.62584235E+01
  0.12801188E+01  0.62706302E+01
  0.12913484E+01  0.62836243E+01
  0.13025781E+01  0.62973951E+01
  0.13138077E+01  0.63119313E+01
  0.13250373E+01  0.63272211E+01
  0.13362669E+01  0.63432521E+01
  0.13474965E+01  0.63600112E+01
  0.13587261E+01  0.63774850E+01
  0.13699557E+01  0.63956594E+01
  0.13811853E+01  0.64145198E+01
  0.13924149E+01  0.64340511E+01
  0.14036445E+01  0.64542378E+01
  0.14148742E+01  0.64750639E+01
  0.14261038E+01  0.64965130E+01
  0.14373334E+01  0.65185681E+01
  0.14485630E+01  0.65412122E+01
  0.14597926E+01  0.65644275E+01
  0.14710222E+01  0.65881961E+01
  0.14822518E+01  0.66124997E+01
  0.14934814E+01  0.66373196E+01
  0.15047110E+01  0.66626371E+01
  0.15047110E+01  0.66626371E+01
  0.15158347E+01  0.66881874E+01
  0.15269584E+01  0.67141882E+01
  0.15380820E+01  0.67406205E+01
  0.15492057E+01  0.67674650E+01
  0.15603294E+01  0.67947023E+01
  0.15714531E+01  0.68223128E+01
  0.15825767E+01  0.68502768E+01
  0.15937004E+01  0.68785747E+01
  0.16048241E+01  0.69071864E+01
  0.16159477E+01  0.69360921E+01
  0.16270714E+01  0.69652718E+01
  0.16381951E+01  0.69947056E+01
  0.16493188E+01  0.70243734E+01
  0.16604424E+01  0.70542554E+01
  0.16715661E+01  0.70843315E+01
  0.16826898E+01  0.71145821E+01
  0.16938134E+01  0.71449872E+01
  0.17049371E+01  0.71755274E+01
  0.17160608E+01  0.72061830E+01
  0.17271844E+01  0.72369346E+01
  0.17383081E+01  0.72677632E+01
  0.17494318E+01  0.72986495E+01
  0.17605555E+01  0.73295747E+01
  0.17716791E+01  0.73605203E+01
  0.17828028E+01  0.73914677E+01
  0.17939265E+01  0.74223989E+01
  0.18050501E+01  0.74532959E+01
  0.18161738E+01  0.74841410E+01
  0.18272975E+01  0.75149169E+01
  0.18384211E+01  0.75456065E+01
  0.18495448E+01  0.75761930E+01
  0.18606685E+01  0.76066601E+01
  0.18717922E+01  0.76369915E+01
  0.18829158E+01  0.76671717E+01
  0.18940395E+01  0.76971850E+01
  0.19051632E+01  0.77270165E+01
  0.19162868E+01  0.77566514E+01
  0.19274105E+01  0.77860755E+01
  0.19385342E+01  0.78152748E+01
  0.19496579E+01  0.78442358E+01
  0.19607815E+01  0.78729453E+01
  0.19719052E+01  0.79013904E+01
  0.19830289E+01  0.79295590E+01
  0.19941525E+01  0.79574389E+01
  0.20052762E+01  0.79850187E+01
  0.20163999E+01  0.80122871E+01
  0.20275235E+01  0.80392334E+01
  0.20386472E+01  0.80658474E+01
  0.20497709E+01  0.80921189E+01
  0.20608946E+01  0.81180385E+01
  0.20720182E+01  0.81435971E+01
  0.20831419E+01  0.81687859E+01
  0.20942656E+01  0.81935965E+01
  0.21053892E+01  0.82180211E+01
  0.21165129E+01  0.82420520E+01
  0.21276366E+01  0.82656820E+01
  0.21387602E+01  0.82889044E+01
  0.21498839E+01  0.83117127E+01
  0.21610076E+01  0.83341008E+01
  0.21721313E+01  0.83560630E+01
  0.21832549E+01  0.83775939E+01
  0.21943786E+01  0.83986886E+01
  0.22055023E+01  0.84193422E+01
  0.22166259E+01  0.84395504E+01
  0.22277496E+01  0.84593091E+01
  0.22388733E+01  0.84786146E+01
  0.22499970E+01  0.84974633E+01
  0.22611206E+01  0.85158522E+01
  0.22722443E+01  0.85337782E+01
  0.22833680E+01  0.85512388E+01
  0.22944916E+01  0.85682315E+01
  0.23056153E+01  0.85847540E+01
  0.23167390E+01  0.86008046E+01
  0.23278626E+01  0.86163815E+01
  0.23389863E+01  0.86314831E+01
  0.23501100E+01  0.86461081E+01
  0.23612337E+01  0.86602555E+01
  0.23723573E+01  0.86739241E+01
  0.23834810E+01  0.86871133E+01
  0.23946047E+01  0.86998222E+01
  0.24057283E+01  0.87120505E+01
  0.24168520E+01  0.87237978E+01
  0.24279757E+01  0.87350636E+01
  0.24390993E+01  0.87458479E+01
  0.24502230E+01  0.87561505E+01
  0.24613467E+01  0.87659715E+01
  0.24724704E+01  0.87753110E+01
  0.24835940E+01  0.87841689E+01
  0.24947177E+01  0.87925457E+01
  0.25058414E+01  0.88004414E+01
  0.25169650E+01  0.88078563E+01
  0.25280887E+01  0.88147908E+01
  0.25392124E+01  0.88212451E+01
  0.25503361E+01  0.88272197E+01
  0.25614597E+01  0.88327147E+01
  0.25725834E+01  0.88377306E+01
  0.25837071E+01  0.88422676E+01
  0.25948307E+01  0.88463262E+01
  0.26059544E+01  0.88499065E+01
  0.26170781E+01  0.88530088E+01
  0.26282017E+01  0.88556335E+01
  0.26393254E+01  0.88577806E+01
  0.26504491E+01  0.88594504E+01
  0.26615728E+01  0.88606430E+01
  0.26726964E+01  0.88613585E+01
  0.26838201E+01  0.88615970E+01
  0.26948861E+01  0.88612233E+01
  0.27059520E+01  0.88601027E+01
  0.27170180E+01  0.88582366E+01
  0.27280839E+01  0.88556274E+01
  0.27391499E+01  0.88522786E+01
  0.27502159E+01  0.88481945E+01
  0.27612818E+01  0.88433805E+01
  0.27723478E+01  0.88378428E+01
  0.27834137E+01  0.88315886E+01
  0.27944797E+01  0.88246261E+01
  0.28055457E+01  0.88169645E+01
  0.28166116E+01  0.88086135E+01
  0.28276776E+01  0.87995843E+01
  0.28387435E+01  0.87898885E+01
  0.28498095E+01  0.87795387E+01
  0.28608755E+01  0.87685485E+01
  0.28719414E+01  0.87569322E+01
  0.28830074E+01  0.87447049E+01
  0.28940733E+01  0.87318826E+01
  0.29051393E+01  0.87184821E+01
  0.29162053E+01  0.87045206E+01
  0.29272712E+01  0.86900166E+01
  0.29383372E+01  0.86749888E+01
  0.29494031E+01  0.86594570E+01
  0.29604691E+01  0.86434412E+01
  0.29715351E+01  0.86269625E+01
  0.29826010E+01  0.86100422E+01
  0.29936670E+01  0.85927025E+01
  0.30047329E+01  0.85749660E+01
  0.30157989E+01  0.85568558E+01
  0.30268649E+01  0.85383954E+01
  0.30379308E+01  0.85196090E+01
  0.30489968E+01  0.85005211E+01
  0.30600627E+01  0.84811566E+01
  0.30711287E+01  0.84615406E+01
  0.30821947E+01  0.84416988E+01
  0.30932606E+01  0.84216570E+01
  0.31043266E+01  0.84014415E+01
  0.31153925E+01  0.83810784E+01
  0.31264585E+01  0.83605945E+01
  0.31375245E+01  0.83400163E+01
  0.31485904E+01  0.83193707E+01
  0.31596564E+01  0.82986847E+01
  0.31707223E+01  0.82779852E+01
  0.31817883E+01  0.82572991E+01
  0.31928543E+01  0.82366536E+01
  0.32039202E+01  0.82160754E+01
  0.32149862E+01  0.81955914E+01
  0.32260521E+01  0.81752284E+01
  0.32371181E+01  0.81550128E+01
  0.32481841E+01  0.81349711E+01
  0.32592500E+01  0.81151293E+01
  0.32703160E+01  0.80955133E+01
  0.32813819E+01  0.80761487E+01
  0.32924479E+01  0.80570608E+01
  0.33035139E+01  0.80382745E+01
  0.33145798E+01  0.80198141E+01
  0.33256458E+01  0.80017039E+01
  0.33367117E+01  0.79839673E+01
  0.33477777E+01  0.79666276E+01
  0.33588437E+01  0.79497074E+01
  0.33699096E+01  0.79332286E+01
  0.33809756E+01  0.79172129E+01
  0.33920415E+01  0.79016810E+01
  0.34031075E+01  0.78866533E+01
  0.34141735E+01  0.78721492E+01
  0.34252394E+01  0.78581878E+01
  0.34363054E+01  0.78447872E+01
  0.34473713E+01  0.78319649E+01
  0.34584373E+01  0.78197377E+01
  0.34695033E+01  0.78081214E+01
  0.34805692E+01  0.77971312E+01
  0.34916352E+01  0.77867814E+01
  0.35027011E+01  0.77770856E+01
  0.35137671E+01  0.77680563E+01
  0.35248331E+01  0.77597054E+01
  0.35358990E+01  0.77520437E+01
  0.35469650E+01  0.77450813E+01
  0.35580309E+01  0.77388271E+01
  0.35690969E+01  0.77332894E+01
  0.35801629E+01  0.77284754E+01
  0.35912288E+01  0.77243913E+01
  0.36022948E+01  0.77210425E+01
  0.36133607E+01  0.77184333E+01
  0.36244267E+01  0.77165672E+01
  0.36354927E+01  0.77154465E+01
  0.36465586E+01  0.77150728E+01
  0.36576301E+01  0.77145984E+01
  0.36687015E+01  0.77131756E+01
  0.36797730E+01  0.77108056E+01
  0.36908444E+01  0.77074900E+01
  0.37019158E+01  0.77032314E+01
  0.37129873E+01  0.76980332E+01
  0.37240587E+01  0.76918991E+01
  0.37351302E+01  0.76848340E+01
  0.37462016E+01  0.76768432E+01
  0.37572731E+01  0.76679326E+01
  0.37683445E+01  0.76581091E+01
  0.37794160E+01  0.76473801E+01
  0.37904874E+01  0.76357535E+01
  0.38015589E+01  0.76232381E+01
  0.38126303E+01  0.76098433E+01
  0.38237018E+01  0.75955791E+01
  0.38347732E+01  0.75804561E+01
  0.38458447E+01  0.75644854E+01
  0.38569161E+01  0.75476791E+01
  0.38679875E+01  0.75300494E+01
  0.38790590E+01  0.75116095E+01
  0.38901304E+01  0.74923730E+01
  0.39012019E+01  0.74723543E+01
  0.39122733E+01  0.74515681E+01
  0.39233448E+01  0.74300299E+01
  0.39344162E+01  0.74077560E+01
  0.39454877E+01  0.73847629E+01
  0.39565591E+01  0.73610681E+01
  0.39676306E+01  0.73366896E+01
  0.39787020E+01  0.73116463E+01
  0.39897735E+01  0.72859575E+01
  0.40008449E+01  0.72596435E+01
  0.40119163E+01  0.72327254E+01
  0.40229878E+01  0.72052249E+01
  0.40340592E+01  0.71771650E+01
  0.40451307E+01  0.71485693E+01
  0.40562021E+01  0.71194626E+01
  0.40672736E+01  0.70898707E+01
  0.40783450E+01  0.70598207E+01
  0.40894165E+01  0.70293410E+01
  0.41004879E+01  0.69984613E+01
  0.41115594E+01  0.69672128E+01
  0.41226308E+01  0.69356285E+01
  0.41337023E+01  0.69037432E+01
  0.41447737E+01  0.68715936E+01
  0.41558452E+01  0.68392188E+01
  0.41669166E+01  0.68066604E+01
  0.41779880E+01  0.67739625E+01
  0.41890595E+01  0.67411726E+01
  0.42001309E+01  0.67083416E+01
  0.42112024E+01  0.66755242E+01
  0.42222738E+01  0.66427799E+01
  0.42333453E+01  0.66101734E+01
  0.42444167E+01  0.65777752E+01
  0.42554882E+01  0.65456633E+01
  0.42665596E+01  0.65139237E+01
  0.42776311E+01  0.64826526E+01
  0.42887025E+01  0.64519582E+01
  0.42997740E+01  0.64219631E+01
  0.43108454E+01  0.63928079E+01
  0.43219169E+01  0.63646544E+01
  0.43329883E+01  0.63376912E+01
  0.43440597E+01  0.63121386E+01
  0.43551312E+01  0.62882550E+01
  0.43662026E+01  0.62663422E+01
  0.43772741E+01  0.62467483E+01
  0.43883455E+01  0.62298644E+01
  0.43994170E+01  0.62161103E+01
  0.44104884E+01  0.62059032E+01
  0.44215599E+01  0.61996082E+01
  0.44326313E+01  0.61974794E+01
  0.44437481E+01  0.61974569E+01
  0.44548648E+01  0.61973894E+01
  0.44659816E+01  0.61972772E+01
  0.44770983E+01  0.61971207E+01
  0.44882151E+01  0.61969206E+01
  0.44993318E+01  0.61966777E+01
  0.45104485E+01  0.61963928E+01
  0.45215653E+01  0.61960671E+01
  0.45326820E+01  0.61957020E+01
  0.45437988E+01  0.61952987E+01
  0.45549155E+01  0.61948590E+01
  0.45660323E+01  0.61943846E+01
  0.45771490E+01  0.61938772E+01
  0.45882658E+01  0.61933390E+01
  0.45993825E+01  0.61927720E+01
  0.46104993E+01  0.61921785E+01
  0.46216160E+01  0.61915607E+01
  0.46327328E+01  0.61909212E+01
  0.46438495E+01  0.61902625E+01
  0.46549663E+01  0.61895871E+01
  0.46660830E+01  0.61888977E+01
  0.46771997E+01  0.61881971E+01
  0.46883165E+01  0.61874879E+01
  0.46994332E+01  0.61867730E+01
  0.47105500E+01  0.61860553E+01
  0.47216667E+01  0.61853375E+01
  0.47327835E+01  0.61846224E+01
  0.47439002E+01  0.61839130E+01
  0.47550170E+01  0.61832119E+01
  0.47661337E+01  0.61825220E+01
  0.47772505E+01  0.61818461E+01
  0.47883672E+01  0.61811866E+01
  0.47994840E+01  0.61805464E+01
  0.48106007E+01  0.61799279E+01
  0.48217175E+01  0.61793335E+01
  0.48328342E+01  0.61787656E+01
  0.48439510E+01  0.61782264E+01
  0.48550677E+01  0.61777181E+01
  0.48661844E+01  0.61772428E+01
  0.48773012E+01  0.61768022E+01
  0.48884179E+01  0.61763981E+01
  0.48995347E+01  0.61760321E+01
  0.49106514E+01  0.61757057E+01
  0.49217682E+01  0.61754201E+01
  0.49328849E+01  0.61751766E+01
  0.49440017E+01  0.61749760E+01
  0.49551184E+01  0.61748191E+01
  0.49662352E+01  0.61747066E+01
  0.49773519E+01  0.61746390E+01
  0.49884687E+01  0.61746164E+01
  
