8.055954396469591 0.0472872530461404
8.056161977950627 0.061762601657172546
8.109571471954101 0.046413782735735
8.109791264110497 0.06174062244153309
8.163200758113971 0.04639180352009512
8.163420550270365 0.06171864322589361
8.21683004427384 0.04636982430445635
8.217049836430233 0.061696664010254296
8.270459330433708 0.04634784508881683
8.270679122590098 0.061674684794615374
8.324088616593574 0.04632586587317728
8.324308408749967 0.06165270557897562
8.377717902753444 0.046303886657538366
8.377937694909834 0.06163072636333643
8.431347188913312 0.04628190744189899
8.431566981069704 0.06160874714769709
8.48497647507318 0.046259928226259406
8.48519626722957 0.061586767932057904
8.538605761233047 0.04623794901062049
8.53882555338944 0.061564788716418566
8.592235047392913 0.046215969794980966
8.592454839549307 0.06154280950077937
8.645864333552781 0.046193990579342065
8.646084125709175 0.06152083028514006
8.69949361971265 0.046172011363702255
8.699713411869043 0.061498851069501016
8.753391540730334 0.06488283623292801
8.756698191616511 0.046148566867020395
8.806739981357033 0.04527656183765723
8.80695366817575 0.060177655996072714
8.860698955751488 0.0682448421807159
8.864923849424374 0.0512131886840807
8.91419392448245 0.05885646092264382
8.932351198735574 0.07843342969706225
8.96335410346233 0.05883631330830806
8.981486956364744 0.07671029989319315
9.00405228442108 0.09202798159247519
9.004272076577474 0.10735482129827324
9.01346671511991 0.12523247108576466
9.021498286834769 0.062005594096740106
9.039621981730665 0.07924096236055027
9.054208854509941 0.09915999285391737
9.058145576244446 0.12436266397796562
9.058365368400839 0.13968950368376373
9.067535585592564 0.15586417128172225
9.097266137947312 0.10987119727546484
9.103691395319197 0.18394872459859332
9.107775866225499 0.15712492351214272
9.111872547807154 0.13115261352045907
9.112483081574913 0.17372716825878776
9.129932136657438 0.14391765353674452
9.148309203066956 0.1788214620169608
9.14850457387264 0.19244531953322636
9.148767103392775 0.21075237807070762
9.158126586052505 0.24012515763754783
9.16239788029174 0.16399965584385198
9.184813017041211 0.23117351153467933
9.185380813445224 0.2707678474413251
9.185600605601618 0.28609468714712355
9.197780754268392 0.20051433731917243
9.201938489226825 0.17879948280132188
9.202988607307367 0.25202771695124754
9.22034608232473 0.21583201901845472
9.221084828183717 0.2673472302518327
9.22130462034011 0.282674069957631
9.221524412496501 0.29800090966342907
9.238533883266241 0.2375377155297892
9.23966947607427 0.3167263873430807
9.261080895309547 0.25157816058692134
9.270321323884566 0.2726489019797874
9.270971542347228 0.3179908027761077
9.27517812000708 0.299681912637323
9.293518554390532 0.33203124783324
9.293738346546926 0.34735808753903835
9.297291653075277 0.2834944238302416
9.328795195491594 0.2988084423269173
9.328990566297277 0.3124322998431825
9.347269947303953 0.3405241795652664
9.347489739460347 0.3558510192710649
9.35148873563916 0.32306678052124815
9.400813758736335 0.3345417626862608
9.401021340217373 0.34901711129729307
9.401241132373766 0.3643439510030915
9.451197447386802 0.357511508310362
9.454479676922269 0.3370742567549213
9.46323473115192 0.3242982271308162
9.489866214101525 0.311514871101498
9.504680205442407 0.34727163595752386
9.507449586612957 0.29107175842188726
9.507962434977875 0.3268343844020835
9.525069591150457 0.27318311902657566
9.543104758650028 0.284245176853328
9.543324550806423 0.2995720165591266
9.543587080326557 0.3178790750966079
9.578418031777156 0.2535768446313052
9.578643929271225 0.2693294298844872
9.593329708520878 0.2961455382454635
9.596135721717493 0.24250013399412693
9.62834992543948 0.24504141974904312
9.628789509752266 0.2756950991606399
9.645874686709208 0.22051114981455255
9.658153741846359 0.20415739231138483
9.667879544766745 0.2590749047212224
9.684776066789448 0.19073541796099194
9.685426285252111 0.2360773187573122
9.693467014973484 0.17348906008936188
9.702222069203135 0.16071303046525662
9.702973025737476 0.21307973279340148
9.733496661456542 0.16006159093505926
9.733982035801908 0.1939083619520304
9.746656716820567 0.14281340146212593
9.75162035635244 0.17729695919886931
9.755320190985053 0.12365118862727138
9.755448403076283 0.13259184512232075
9.787962989412005 0.15607981180849417
9.791274524568326 0.1376861388804937
9.799736522589452 0.10447432298199083
9.805355875387898 0.12235343805052519
9.839839433124641 0.09615580039628735
9.8405445996264 0.14532941111905706
9.858146288150866 0.12616353508159608
9.86197433487471 0.08145842100504753
9.862365076486073 0.1087061360375777
9.893203137095533 0.07761388986947487
9.897965300484046 0.09804784454256943
9.915420460904249 0.06866407536790935
9.947854456782629 0.0865322008286242
9.951148896993452 0.06694644036795008
9.968866586933789 0.05586972973077163
10.001307909217383 0.07424874984834604
10.009061077534142 0.05393739035581723
10.05398109949694 0.06988453236965764
10.06718694489355 0.055829434502099505
10.107537121604679 0.06475360658541882
10.120742967001286 0.05069850871786092
10.165434038801177 0.050680192704828125
10.165653830957567 0.06600703241062657
10.219063324961045 0.05065821348918855
10.219283117117437 0.06598505319498699
10.272936824628015 0.06766605616888088
10.277161718300901 0.050634402672246004
10.326395161332911 0.05572320162650946
10.326614953489305 0.07105004133230797
10.38009771154491 0.060810168979469524
10.416094782491925 0.07782533806437514
10.43367204966568 0.05695647983738108
10.469699647301084 0.07610037665920248
10.487283019812516 0.0556572639795918
10.523377776162372 0.07948436182262954
10.536534778857558 0.0620232995760049
10.577129169075793 0.08797729355465614
10.581354062748677 0.07094564005802119
10.630660769832817 0.08114338558088399
10.666670051455188 0.09901004576055632
10.6807733814904 0.08521002890116729
10.720384812342541 0.10494850420828265
10.738041448906106 0.08961433809727132
10.774136205255964 0.11344143594030952
10.77836109892885 0.09640978244367461
10.827582331285504 0.10064709030317137
10.82778991276654 0.11512243891420335
10.845886133642889 0.13044195221478852
10.876864617018935 0.10914185363650115
10.899437271480483 0.1249704299926431
10.917562797977684 0.14233352192066837
10.948608440068185 0.12571662436359718
10.971338612241816 0.15252943584222767
10.975569611252379 0.1359235278929763
11.021465876709826 0.15761786847623058
11.024760316920647 0.13803210801555674
11.025334218662339 0.17805218946958565
11.052332021872601 0.19081356628326468
11.06103823340083 0.1746315722800934
11.07419218342718 0.15695763725977713
11.096986461646425 0.18824077698593206
11.09722456981585 0.2048448533338807
11.111053159655572 0.17188628684224383
11.133203324749832 0.22058278577663595
11.14237354194156 0.23675745337459442
11.150566905104874 0.18481283339122653
11.150817223949655 0.2022684008339413
11.151568180483997 0.25463510316208604
11.186881453611122 0.22396677094006312
11.187101245767515 0.23929361064586133
11.187321037923908 0.2546204503516598
11.187595778119398 0.27377899998390776
11.195673139866837 0.2137452146002576
11.223562322378028 0.2886654413318967
11.22378211453442 0.3039922810376948
11.230229351121945 0.3380494826932871
11.232927910375434 0.31846396644612013
11.23657279696895 0.26098648594807305
11.237118614157328 0.2367186234269648
11.251353819486372 0.35677373930540324
11.251573611642765 0.3721005790112016
11.259095387661546 0.27332394881567185
11.272985030878042 0.30695235225504186
11.273424615190828 0.3376060316666388
11.278754574983354 0.39763432224637907
11.281630189029496 0.28651290277803776
11.2918138922757 0.373361331241622
11.295519832245994 0.32014130621740783
11.296020469935556 0.35505244110283696
11.314385325669717 0.3891047584882869
11.314605117826108 0.4044315981940854
11.314824909982502 0.4197584378998837
11.324031759200292 0.4384875787821418
11.327980691610152 0.3398827120866085
11.349735230822908 0.36099089955056374
11.349985549667688 0.37844646699327894
11.35104177308591 0.4521004466905874
11.351261565242304 0.4674272863963861
11.357489009673435 0.4861576483461797
11.36500101715193 0.4282528349129532
11.368283246687398 0.4078155833575125
11.379236222480976 0.5483079507913909
11.38742958564429 0.49636333080802336
11.387649377800683 0.5116901705138215
11.387899696645462 0.5291457379565364
11.388430861023412 0.5661856005788828
11.389471210563674 0.3894145840242987
11.401266722956759 0.4640008080827231
11.408999743659184 0.44228448828382944
11.42298707227852 0.4827248204813321
11.423866240904092 0.5440321793045254
11.424086033060485 0.559359019010324
11.424305825216877 0.574685858716122
11.43053326964801 0.5934162206659155
11.437825484970112 0.520184567526891
11.44110771450558 0.49974731597145033
11.45206069029916 0.6402396834053287
11.457093930680553 0.6172472259250674
11.474164454827072 0.5610414872652602
11.474604039139857 0.5916951666768571
11.477446684362537 0.54060423570982
11.486238370618254 0.530382679370014
11.488179867999726 0.6657697634379
11.496641866020852 0.6325579475393971
11.496843342164212 0.6466075506030453
11.497374506542162 0.6836474132253914
11.510649952788292 0.6121163001408285
11.5137307061804 0.5776294455217397
11.532834307773548 0.6631969741405674
11.53300525722852 0.6751178494672998
11.533225049384914 0.6904446891730979
11.533444841541307 0.7057715288788964
11.542578426706967 0.719391723192555
11.54279821886336 0.7347185628983534
11.546842394540992 0.6427553267419993
11.550161256102523 0.6248725484708583
11.552029489431863 0.7551506859701446
11.570125710308211 0.7704701992707299
11.58303483629369 0.6733943533431699
11.583694212762868 0.7193748724605645
11.584133797075655 0.7500285518721614
11.59142723346529 0.6976585526616711
11.606025095852385 0.7806734395975028
11.623217726752454 0.732982611885361
11.62370615376666 0.7670422556760244
11.636850945786492 0.7487297023346331
11.65969101403832 0.7832059336661632
11.668812388528625 0.7959746368850551
11.673743059237038 0.7658296542087547
11.713283668172123 0.7806294811662241
11.713503460328516 0.7959563208720225
11.713723252484908 0.8112831605778208
11.767059482436252 0.7908253950877838
11.767279274592646 0.8061522347935822
11.767499066749036 0.8214790744993803
11.816494401611623 0.8099637971056958
11.8242567279349 0.7902910559342421
11.870859991495408 0.7989572164473069
11.873951734495334 0.7652367038135078
11.874147105301017 0.778860561329773
11.906056042139124 0.7601145697155246
11.909387114376011 0.7430832825391505
11.924298791119735 0.7856519761533091
11.959729286730273 0.7631579584410448
11.962808819054843 0.7285859547124794
11.963016400535878 0.7430613033235111
11.980587562371955 0.7217666995491339
12.013094822302467 0.7447437715784477
12.01618168103225 0.710682662506742
12.016377051837932 0.7243065200230072
12.051800221043257 0.7013016076538835
12.066401746632959 0.7222424274609709
12.087351602339808 0.6872373517798089
12.10552108726829 0.7076658116489938
12.12282971958423 0.6680641493371346
12.13632862118936 0.6744448377439742
12.141090784577873 0.6948787924170687
12.17637353101661 0.6620817324581293
12.190950635255604 0.6813195700756834
12.225463498613198 0.6571655110488854
12.24355056148303 0.6718464060283961
12.265410723037608 0.6379904770049081
12.283094833620721 0.6245721658571214
12.283589365972606 0.6590575551951678
12.314341951854578 0.6220048713636986
12.31908579923006 0.6411615893946435
12.336467695598131 0.6066688736513842
12.367641549779856 0.598992632589362
12.368117766118708 0.6322007852852585
12.371854232777387 0.5811094879979608
12.38575608666924 0.6155893825320973
12.403995172447242 0.5785418271842772
12.425758259132747 0.6002460584145691
12.442975311383524 0.554258212891961
12.457631785012326 0.5790307426254977
12.460650263960119 0.5402012834230994
12.493091586243713 0.5585803035406739
12.496403121400032 0.5401866306126732
12.500487592306335 0.5133628295262228
12.509645598822704 0.5286860060294148
12.545068768028028 0.5056810936602909
12.545783092536304 0.5554933227041357
12.549287556363236 0.4882236946162727
12.55805482126824 0.4762991560869341
12.563421413086836 0.5388819199509742
12.566626715367565 0.45075076004133036
12.566809875497892 0.46352312646282884
12.567640201422043 0.5214245209069561
12.593221566291106 0.4354129307277125
12.59884091908955 0.4532920457962463
12.599500295558729 0.4992725649136416
12.602782525094197 0.4788353133582012
12.637692845934604 0.4200677750088811
12.637930954104029 0.4366718513568295
12.638370538416813 0.46732553076842626
12.655386114524232 0.4072880821821696
12.664067904701753 0.3894031059894648
12.673903603700335 0.4519840382522015
12.69099244385988 0.3970555362345445
12.691163393314854 0.4089764115612766
12.691413712159633 0.42643197900399127
12.704170815236939 0.3810845834037612
12.708356024214922 0.3612855838491351
12.740460331858712 0.3561634497511522
12.74111970832789 0.40214396886854725
12.75271740778022 0.3382770082774047
12.762223418544213 0.37786768098144397
12.779263416002342 0.3195332145847206
12.794045659587301 0.35307610259435296
12.797323004852625 0.3322982546010062
12.82919775179974 0.31116808792141126
12.847425847969923 0.33568370504547573
12.850451653322931 0.297365140499937
12.886070193333936 0.28798408564707856
12.88626556413962 0.30160794316334366
12.886515882984401 0.31906351060605864
12.903787883274276 0.2769073750099
12.936221879152656 0.2947755004706144
12.939504108688123 0.27433824891517417
12.957270641329883 0.2666675026570617
12.98967533158741 0.2824920494903366
12.997455973923719 0.26409654496103246
13.046616152903596 0.2640763973466964
13.04683594505999 0.279403237052495
13.095904543974704 0.2729969062274097
13.109110389371311 0.2589418083598515
13.154021253327596 0.2742503320526169
13.158233936325125 0.2563671874612155
13.203928725639209 0.2640119249808212
13.207247587200744 0.24612914670968056
13.260974558763452 0.25291909625217385
13.26118214024449 0.2673944448632057
13.310183580444754 0.25630491301690417
13.3149091118072 0.2741843944056991
13.363996026734949 0.2690553002227636
13.377201872131554 0.25500020235520515
13.386561354791287 0.2843729819220455
13.413705686105809 0.30735225187292353
13.417570364855717 0.2652016110806746
13.440166219600442 0.2826480205168732
13.458360125879635 0.30477946257559113
13.458579918036026 0.3201063022813893
13.467737924552399 0.33542947878458135
13.489405767970132 0.2881625650185198
13.511989412039501 0.3047574833599517
13.512380153650867 0.33200519839248216
13.51259994580726 0.34733203809828067
13.530720588034319 0.36435453358839903
13.539903015901402 0.38138069228112403
13.547907113596708 0.31623796032887425
13.549280814574164 0.41203070849011414
13.55799923677775 0.39670020558170904
13.561689913403846 0.3424158166890367
13.579960136404008 0.3698690780900459
13.580619512873186 0.415849597207441
13.584209451427604 0.3545404067829441
13.59915531806232 0.46182278991962283
13.602499822042098 0.38339862849031786
13.603154314241134 0.42903855116980605
13.603374106397528 0.4443653908756047
13.603862533411736 0.4784250346662679
13.604082325568129 0.49375187437206625
13.620627790674373 0.400932018637296
13.635494287919279 0.502679709657992
13.638711800875367 0.41540004084311494
13.639713076254488 0.48522231061397414
13.640201503268694 0.5192819544046371
13.640421295425089 0.5346087941104355
13.653740700102496 0.46614304896703246
13.656808021751715 0.4307195541437002
13.657027813908106 0.44604639384949857
13.658517516301437 0.5499283074110207
13.667748786869938 0.570360430482812
13.672452339016747 0.5243777134438533
13.676980057438442 0.5907925535546034
13.688922097935787 0.4886081273787045
13.689782950548327 0.5486382495597479
13.707879171424675 0.5639577628603331
13.711443467560848 0.5008604411368268
13.71275733622906 0.5924808829337106
13.712977128385456 0.6078077226395086
13.713196920541847 0.6231345623453073
13.725187803740617 0.5243561005484743
13.730462815494047 0.5805526812017653
13.731341984119618 0.6418600400249587
13.73156177627601 0.6571868797307571
13.745481946180893 0.6929440109070436
13.747723826176102 0.5376302036203165
13.749682418503069 0.6742093752208755
13.764765044701765 0.7286989441617658
13.765794404634205 0.5511615856218921
13.765977564764533 0.5639339520433909
13.766417149077318 0.5945876314549877
13.766743174109301 0.617322443685255
13.768047274237233 0.7082616926063257
13.768706650706411 0.7542422117237207
13.780685323229825 0.6546122588321213
13.789348797394311 0.635450045997267
13.79596087809913 0.7848849015274978
13.799056284301665 0.6890903217649547
13.800155245083628 0.7657245202939462
13.803275072636872 0.6716329227209367
13.804361822743484 0.7474156301551617
13.81836502524078 0.726633386318687
13.822995313335458 0.8002007516254765
13.82319068414114 0.8138246091417416
13.826109035551024 0.7056834085050833
13.832373112008224 0.8308507678344664
13.832592904164613 0.8461776075402648
13.836237790758132 0.7887001270422177
13.841824174733116 0.8666097306120562
13.85470399509774 0.7674903060570563
13.85799110890335 0.7473936509395221
13.866788900496744 0.7375978401471004
13.872356968458696 0.8142302070747889
13.873455929240661 0.8908644056037809
13.877235133263083 0.8427533271481661
13.877454925419478 0.8580801668539643
13.877674717575871 0.8734070065597627
13.87838293674647 0.922793490056224
13.89080851998788 0.7919985967759074
13.896039573310034 0.9074593239452126
13.896479157622819 0.9381130033568094
13.899373087681992 0.828268820530618
13.914135794186382 0.9227788372457978
13.926535735009548 0.8525253271236454
13.9270119513484 0.8857334798195421
13.928759298991721 0.9452523410234651
13.944631955885896 0.8678448404242306
13.949650543456869 0.9061601080874234
13.950529712082442 0.9674674669106169
13.967826133723024 0.9270143135039915
13.981502090120806 0.9457416227849463
13.9865695203932 0.9874628548272053
14.000558070080071 0.9656588216770104
14.040015646422738 0.9746685091900673
14.040223227903775 0.9891438578010991
14.093779250011515 0.9840129320168605
14.147274218742474 0.9746245507587887
14.147481800223513 0.9890998993698206
14.187245864517594 0.9571524989043445
14.197433230966405 0.9819268602391845
14.230343443183637 0.9498971191195636
14.236552571601738 0.9673502444272072
14.250381161441457 0.9343916779355704
14.271627736559436 0.9200778358572361
14.285547906464318 0.9558349670335228
14.303149594988785 0.9366690909960614
14.307362277986316 0.9187859464046602
14.325110494615044 0.9098379635043979
14.356632353044393 0.9264292186432233
14.360863352054956 0.909823310693972
14.36965503831067 0.8996017543541664
14.4101151111 0.9161893462903852
14.414327794097527 0.8983062016989841
14.432076010726254 0.8893582187987216
14.464304867258669 0.8929212938673575
14.468158556400756 0.9123338255469928
14.51722715531547 0.9059274947219077
14.52590894549299 0.8880425185292031
14.575270600616232 0.9020719739785155
14.57948328361376 0.8841888293871142
14.625178072927845 0.8918335669067199
14.628509145164733 0.8748022797303457
14.677821957586552 0.8854257708005919
14.691027802983157 0.8713706729330336
14.713116914700645 0.8534802019364192
14.729283848870878 0.8381466463591754
14.732260811522469 0.8795281367108025
14.764951231583305 0.8321715558853834
14.771154254663726 0.8491989356456435
14.771416784183863 0.867505994183125
14.784164729254652 0.8215199802618203
14.788395728265217 0.8049140723125685
14.806052364828776 0.7895799062015572
14.820228958916122 0.8432183503679416
14.838669520837485 0.8202203980837703
14.841316795254485 0.755505609600468
14.841512166060166 0.7691294671167332
14.841731958216558 0.7844563068225314
14.841951750372951 0.7997831465283299
14.859022274519466 0.7435774078685229
14.867740696723054 0.7282469049601177
14.891419638371781 0.7588910600449377
14.891859222684566 0.7895447394565343
14.894738499933315 0.7410082817737969
14.908783218726821 0.7231211076595282
14.912102080288353 0.7052383293883878
14.929575556721588 0.6771317968558774
14.929795348877981 0.6924586365616757
14.930985889725111 0.7754790183014171
14.948331154067116 0.738431829273858
14.948532630210476 0.7524814323375062
14.956097143592999 0.6566850209736599
14.961060783124871 0.6911685787104032
14.961500367437658 0.7218222581219997
14.964888829848714 0.6464634646338545
14.96527957146008 0.6737111796663849
14.98254546641228 0.631129298522843
14.983644427194243 0.7077634970518348
14.99998231081945 0.6004682927060333
15.000214313651197 0.6166466235065982
15.000641687288628 0.6464488118234283
15.00086147944502 0.6617756515292267
15.008572520931805 0.5761971333025793
15.015484984250362 0.6842491553068938
15.034965895711984 0.5468097009253128
15.035149055842313 0.5595820673468113
15.035466533401548 0.5817208358107422
15.035716852246328 0.5991764032534571
15.036156436559114 0.6298300826650539
15.050842215808768 0.6566461910260305
15.06455236209754 0.5323221416389258
15.070804227879384 0.5527554857782527
15.071024020035775 0.5680823254840508
15.071683396504955 0.6140628446014461
15.085353247565058 0.6323644083350174
15.085642640570976 0.5902152328238115
15.088082333506936 0.5110250957294772
15.101764395242395 0.5301781505578154
15.120186641150726 0.5059029616314942
15.121058483371087 0.5666994257978277
15.123358974607997 0.47780229022315446
15.12433582863641 0.5459215778044805
15.155565851924772 0.4798326813212107
15.15622522839395 0.5258132004386059
15.15885540786545 0.4599063244226303
15.17654867645508 0.4471266315959185
15.177336265015487 0.5020478072083627
15.208806838608346 0.45273328529199414
15.209239096515919 0.4828760700467311
15.212118373764664 0.4343396123639936
15.244317924676226 0.43585910880518985
15.24836576355646 0.4688103488916136
15.256607969421195 0.42027169328731256
15.265381339663879 0.408772900305357
15.283862196813914 0.45091438309108944
15.296646773910767 0.4074828424540841
15.30140893729928 0.427916797127179
15.309907567346475 0.39725945451297534
15.350385956148832 0.4151242830913441
15.354598639146364 0.3972411384999429
15.37234685577509 0.3882931555996807
15.404707587601338 0.40105233449179567
15.412477240329828 0.3818904879772018
15.458234304088224 0.393877830080117
15.461533628569189 0.3746326660573499
15.479202475808107 0.36014999104110507
15.510834230315652 0.3844046660328296
15.515053018650859 0.36694726698881147
15.52385691558193 0.3575772017437727
15.565155861768156 0.37033271743328117
15.56845030197898 0.35074695697260716
15.58013591829387 0.33456374190190014
15.618565355771633 0.35498389851184337
15.6218475853071 0.33454664695640296
15.63060263953675 0.32177061733229795
15.671135976378208 0.343467155837116
15.675354764713417 0.326009756793098
15.68705259170366 0.31067803281715745
15.724545470381683 0.3281183369156784
15.728764258716891 0.3106609378716602
15.737531523621897 0.2987363993423216
15.778837796213338 0.31200280968869015
15.782161542045012 0.29446062785545596
15.79987923198535 0.2833839172182774
15.832276595837666 0.2986975693946922
15.83555882537313 0.2782603178392517
15.85332535801489 0.27058957158113955
15.889004951402672 0.2654659722021139
15.889188111533 0.2782383386236126
15.889407903689392 0.2935651783294109
15.939242111948877 0.2782178246890159
15.942548762835054 0.2594835553231086
15.960290874126104 0.25010982687546307
15.992651605952352 0.2628690057675782
15.995958256838529 0.24413473640167094
16.01370036812958 0.23476100795402546
16.045295490611057 0.2564612096614502
16.04952648962162 0.23985530171219874
16.058318175877336 0.22963374537239326
16.099661080494844 0.24545462900306136
16.107432564824634 0.22642050615268253
16.15321710260258 0.2403237032188226
16.16099774493889 0.22192819868951874
16.206773124710317 0.23519277743458386
16.210109081217347 0.21850208669611654
16.2639337381829 0.23210396499674232
16.26814642118043 0.214220820405341
16.31381190487366 0.21982197929750694
16.335073132802066 0.2065299265328927
16.367367926981398 0.21469105351326817
16.388629154909804 0.2013990007486539
16.41987627314366 0.1988317062552313
16.424601804506107 0.21671118764402614
16.433137066579366 0.1886083183141225
16.473670403420822 0.21030485681894084
16.47788919175603 0.1928474577749228
16.486693088687105 0.18347739252988376
16.528094604546315 0.2033854334154316
16.531396371162348 0.18431056761161765
16.567662076967178 0.22005854078138756
16.581672605869688 0.19978719160177252
16.6168649933108 0.22301861199873468
16.634466681835264 0.2038527359612735
16.63950358541927 0.24344524026661607
16.66662960072076 0.2651472735753441
16.67485959591014 0.21575712687627624
16.675042756040465 0.2285294932977749
16.693143861186957 0.24418960303626672
16.707825977234002 0.27075026406881336
16.71172362480737 0.2932281636896084
16.74235715660463 0.2478734416841653
16.74390119650329 0.29321497616022485
16.747769538455806 0.3136492971535801
16.76042590346143 0.26127710002152577
16.783424710492877 0.3068227155850212
16.783687240013013 0.3251297741225026
16.784035244260636 0.34939727032335005
16.786570180464366 0.2768487637681952
16.81899440780246 0.29403569635309634
16.819641573596286 0.339164724375725
16.81986136575268 0.35449156408152327
16.833620354742873 0.3166794983497168
16.837957586629027 0.36981107738210856
16.868966596693458 0.35063970654073773
16.873185385028666 0.3331823074967197
16.891513608736762 0.3646801515978698
16.926973409968152 0.34422971251304585
16.94065547170361 0.3633827673413839
16.976042008882867 0.33782338168796044
16.989174590227343 0.31865933725180273
16.99193420285761 0.30333127647846875
16.994138229759216 0.35314289498854573
17.03004860491121 0.30178296284343437
17.03048086281878 0.3319257475981712
17.04232766004836 0.2854292053402669
17.051119346304077 0.2752076490004615
17.06960020345411 0.31734913178619384
17.077787461279748 0.2649787662554429
17.083406814078195 0.2828578813239771
17.1051699007637 0.304562112554269
17.11886661530958 0.2624074422391531
17.122185476871113 0.24452466396801237
17.14066633402115 0.2866661467537448
17.15429711092012 0.23991342452688927
17.172539859900727 0.2654508309646734
17.175558338848525 0.22662137176227495
17.211408881691277 0.2334186477099814
17.211659200536058 0.2508742151526962
17.21564293337068 0.2170256125344215
17.260489691281347 0.22786380797966263
17.26467490025933 0.20806480842503644
17.3001804915233 0.19080746094558712
17.31477469070779 0.2112373860958144
17.353638828228195 0.17886460640321566
17.353864725722268 0.19461719165639738
17.407292535738772 0.1805456093771096
17.407512327895166 0.19587244908290796
17.460860768521865 0.17626617468763733
17.461068350002904 0.1907415232986692
17.51013694891762 0.18433519247358385
17.526273356399464 0.1668729091594238
17.564575802853536 0.1784375583837945
17.572347287183327 0.15940343553341568
17.621718100313082 0.1740715093038031
17.6259216253041 0.15554974639132682
17.67164388863773 0.16511033887415738
17.674974960874618 0.14807905169778318
17.728848460541588 0.16508689437747545
17.73306114353912 0.14720374978607412
17.777917059456303 0.1586805635523901
17.78214805846687 0.1420746556031386
17.832180079667104 0.14052145769796207
17.836033768809195 0.1599339893775974
17.85350724524243 0.13182745684508732
17.889260102682343 0.1318128040346611
17.88944326281267 0.14458517045615973
17.889663054969063 0.15991201016195813
17.94288938884221 0.13179082481902182
17.943072548972538 0.14456319124052047
17.94329234112893 0.15989003094631885

