  # energy grid [eV]   photospectra spin_up [ab.]   photospectra spin_dw [ab.] 
   0.0000000000   0.0037709897   0.0037709899
   0.0500834725   0.0038178027   0.0038178028
   0.1001669449   0.0038655554   0.0038655555
   0.1502504174   0.0039142746   0.0039142747
   0.2003338898   0.0039639883   0.0039639884
   0.2504173623   0.0040147252   0.0040147253
   0.3005008347   0.0040665154   0.0040665155
   0.3505843072   0.0041193900   0.0041193901
   0.4006677796   0.0041733813   0.0041733815
   0.4507512521   0.0042285231   0.0042285232
   0.5008347245   0.0042848502   0.0042848504
   0.5509181970   0.0043423991   0.0043423993
   0.6010016694   0.0044012076   0.0044012078
   0.6510851419   0.0044613151   0.0044613153
   0.7011686144   0.0045227626   0.0045227628
   0.7512520868   0.0045855930   0.0045855931
   0.8013355593   0.0046498506   0.0046498508
   0.8514190317   0.0047155821   0.0047155823
   0.9015025042   0.0047828358   0.0047828360
   0.9515859766   0.0048516623   0.0048516625
   1.0016694491   0.0049221144   0.0049221146
   1.0517529215   0.0049942472   0.0049942474
   1.1018363940   0.0050681184   0.0050681186
   1.1519198664   0.0051437882   0.0051437884
   1.2020033389   0.0052213196   0.0052213198
   1.2520868114   0.0053007786   0.0053007788
   1.3021702838   0.0053822341   0.0053822343
   1.3522537563   0.0054657585   0.0054657587
   1.4023372287   0.0055514276   0.0055514278
   1.4524207012   0.0056393209   0.0056393211
   1.5025041736   0.0057295218   0.0057295220
   1.5525876461   0.0058221179   0.0058221181
   1.6026711185   0.0059172012   0.0059172014
   1.6527545910   0.0060148683   0.0060148685
   1.7028380634   0.0061152210   0.0061152213
   1.7529215359   0.0062183664   0.0062183666
   1.8030050083   0.0063244170   0.0063244173
   1.8530884808   0.0064334917   0.0064334920
   1.9031719533   0.0065457158   0.0065457161
   1.9532554257   0.0066612214   0.0066612217
   2.0033388982   0.0067801480   0.0067801483
   2.0534223706   0.0069026432   0.0069026435
   2.1035058431   0.0070288629   0.0070288632
   2.1535893155   0.0071589721   0.0071589724
   2.2036727880   0.0072931458   0.0072931461
   2.2537562604   0.0074315691   0.0074315694
   2.3038397329   0.0075744387   0.0075744390
   2.3539232053   0.0077219633   0.0077219636
   2.4040066778   0.0078743648   0.0078743652
   2.4540901503   0.0080318792   0.0080318796
   2.5041736227   0.0081947577   0.0081947581
   2.5542570952   0.0083632681   0.0083632685
   2.6043405676   0.0085376959   0.0085376963
   2.6544240401   0.0087183462   0.0087183466
   2.7045075125   0.0089055450   0.0089055454
   2.7545909850   0.0090996411   0.0090996416
   2.8046744574   0.0093010083   0.0093010088
   2.8547579299   0.0095100474   0.0095100479
   2.9048414023   0.0097271889   0.0097271893
   2.9549248748   0.0099528953   0.0099528958
   3.0050083472   0.0101876648   0.0101876653
   3.0550918197   0.0104320343   0.0104320348
   3.1051752922   0.0106865830   0.0106865836
   3.1552587646   0.0109519373   0.0109519379
   3.2053422371   0.0112287747   0.0112287753
   3.2554257095   0.0115178300   0.0115178306
   3.3055091820   0.0118199005   0.0118199011
   3.3555926544   0.0121358533   0.0121358540
   3.4056761269   0.0124666328   0.0124666335
   3.4557595993   0.0128132693   0.0128132700
   3.5058430718   0.0131768886   0.0131768894
   3.5559265442   0.0135587236   0.0135587244
   3.6060100167   0.0139601266   0.0139601274
   3.6560934891   0.0143825841   0.0143825849
   3.7061769616   0.0148277332   0.0148277341
   3.7562604341   0.0152973812   0.0152973821
   3.8063439065   0.0157935271   0.0157935280
   3.8564273790   0.0163183874   0.0163183885
   3.9065108514   0.0168744260   0.0168744271
   3.9565943239   0.0174643880   0.0174643891
   4.0066777963   0.0180913404   0.0180913416
   4.0567612688   0.0187587188   0.0187587200
   4.1068447412   0.0194703830   0.0194703843
   4.1569282137   0.0202306823   0.0202306837
   4.2070116861   0.0210445326   0.0210445341
   4.2570951586   0.0219175084   0.0219175099
   4.3071786311   0.0228559526   0.0228559542
   4.3572621035   0.0238671082   0.0238671100
   4.4073455760   0.0249592771   0.0249592790
   4.4574290484   0.0261420116   0.0261420136
   4.5075125209   0.0274263481   0.0274263503
   4.5575959933   0.0288250928   0.0288250951
   4.6076794658   0.0303531716   0.0303531741
   4.6577629382   0.0320280638   0.0320280665
   4.7078464107   0.0338703398   0.0338703427
   4.7579298831   0.0359043329   0.0359043361
   4.8080133556   0.0381589837   0.0381589871
   4.8580968280   0.0406689064   0.0406689101
   4.9081803005   0.0434757444   0.0434757485
   4.9582637730   0.0466299031   0.0466299076
   5.0083472454   0.0501927754   0.0501927804
   5.0584307179   0.0542396161   0.0542396216
   5.1085141903   0.0588632666   0.0588632728
   5.1585976628   0.0641789945   0.0641790014
   5.2086811352   0.0703307805   0.0703307883
   5.2587646077   0.0774994563   0.0774994651
   5.3088480801   0.0859131275   0.0859131377
   5.3589315526   0.0958602440   0.0958602556
   5.4090150250   0.1077053007   0.1077053142
   5.4590984975   0.1219060913   0.1219061070
   5.5091819699   0.1390288303   0.1390288488
   5.5592654424   0.1597516692   0.1597516909
   5.6093489149   0.1848351957   0.1848352215
   5.6594323873   0.2150163471   0.2150163776
   5.7095158598   0.2507481704   0.2507482063
   5.7595993322   0.2916782161   0.2916782576
   5.8096828047   0.3358058917   0.3358059382
   5.8597662771   0.3785523582   0.3785524078
   5.9098497496   0.4126299985   0.4126300480
   5.9599332220   0.4300284192   0.4300284649
   6.0100166945   0.4260620877   0.4260621272
   6.0601001669   0.4024171377   0.4024171704
   6.1101836394   0.3660173238   0.3660173504
   6.1602671119   0.3249539980   0.3249540198
   6.2103505843   0.2852788941   0.2852789122
   6.2604340568   0.2502187690   0.2502187843
   6.3105175292   0.2208659229   0.2208659360
   6.3606010017   0.1971284771   0.1971284885
   6.4106844741   0.1784163839   0.1784163940
   6.4607679466   0.1640203471   0.1640203560
   6.5108514190   0.1532851761   0.1532851841
   6.5609348915   0.1456732286   0.1456732359
   6.6110183639   0.1407774912   0.1407774979
   6.6611018364   0.1383155171   0.1383155233
   6.7111853088   0.1381189978   0.1381190036
   6.7612687813   0.1401254388   0.1401254443
   6.8113522538   0.1443745823   0.1443745877
   6.8614357262   0.1510105729   0.1510105782
   6.9115191987   0.1602901035   0.1602901088
   6.9616026711   0.1725960787   0.1725960841
   7.0116861436   0.1884548732   0.1884548789
   7.0617696160   0.2085518141   0.2085518202
   7.1118530885   0.2337318010   0.2337318075
   7.1619365609   0.2649561349   0.2649561421
   7.2120200334   0.3031574909   0.3031574990
   7.2621035058   0.3488913852   0.3488913942
   7.3121869783   0.4016480281   0.4016480379
   7.3622704508   0.4587605482   0.4587605582
   7.4123539232   0.5142327877   0.5142327970
   7.4624373957   0.5586151563   0.5586151634
   7.5125208681   0.5815132500   0.5815132536
   7.5626043406   0.5766159783   0.5766159778
   7.6126878130   0.5456157724   0.5456157686
   7.6627712855   0.4971237342   0.4971237285
   7.7128547579   0.4417032502   0.4417032440
   7.7629382304   0.3875763128   0.3875763070
   7.8130217028   0.3393119744   0.3393119695
   7.8631051753   0.2985740646   0.2985740607
   7.9131886477   0.2653537953   0.2653537924
   7.9632721202   0.2389101425   0.2389101405
   8.0133555927   0.2183066701   0.2183066688
   8.0634390651   0.2026641856   0.2026641850
   8.1135225376   0.1912572226   0.1912572226
   8.1636060100   0.1835373531   0.1835373535
   8.2136894825   0.1791275249   0.1791275259
   8.2637729549   0.1778079471   0.1778079485
   8.3138564274   0.1795009880   0.1795009900
   8.3639398998   0.1842545729   0.1842545755
   8.4140233723   0.1922163428   0.1922163461
   8.4641068447   0.2035810724   0.2035810763
   8.5141903172   0.2184801155   0.2184801202
   8.5642737896   0.2367702275   0.2367702328
   8.6143572621   0.2576992422   0.2576992478
   8.6644407346   0.2795449052   0.2795449107
   8.7145242070   0.2995834630   0.2995834674
   8.7646076795   0.3149061463   0.3149061493
   8.8146911519   0.3240377802   0.3240377816
   8.8647746244   0.3281248028   0.3281248033
   8.9148580968   0.3304649652   0.3304649658
   8.9649415693   0.3349192576   0.3349192591
   9.0150250417   0.3446977145   0.3446977176
   9.0651085142   0.3620845070   0.3620845120
   9.1151919866   0.3886837550   0.3886837624
   9.1652754591   0.4256518927   0.4256519025
   9.2153589316   0.4736099515   0.4736099637
   9.2654424040   0.5320721000   0.5320721140
   9.3155258765   0.5983403173   0.5983403317
   9.3656093489   0.6661861769   0.6661861891
   9.4156928214   0.7254392093   0.7254392163
   9.4657762938   0.7641289140   0.7641289136
   9.5158597663   0.7733802066   0.7733801986
   9.5659432387   0.7520643031   0.7520642897
   9.6160267112   0.7073919433   0.7073919276
   9.6661101836   0.6510833463   0.6510833308
   9.7161936561   0.5943588432   0.5943588295
   9.7662771285   0.5450098428   0.5450098317
   9.8163606010   0.5071712303   0.5071712218
   9.8664440735   0.4824847852   0.4824847792
   9.9165275459   0.4713594516   0.4713594480
   9.9666110184   0.4737926023   0.4737926009
  10.0166944908   0.4896938574   0.4896938582
  10.0667779633   0.5187548184   0.5187548213
  10.1168614357   0.5598621273   0.5598621323
  10.1669449082   0.6100866232   0.6100866301
  10.2170283806   0.6636258233   0.6636258319
  10.2671118531   0.7117400593   0.7117400688
  10.3171953255   0.7448143589   0.7448143683
  10.3672787980   0.7558243253   0.7558243329
  10.4173622705   0.7423151716   0.7423151757
  10.4674457429   0.7057976151   0.7057976145
  10.5175292154   0.6507906746   0.6507906692
  10.5676126878   0.5843315734   0.5843315646
  10.6176961603   0.5144194271   0.5144194168
  10.6677796327   0.4476576086   0.4476575984
  10.7178631052   0.3879401936   0.3879401843
  10.7679465776   0.3366717765   0.3366717685
  10.8180300501   0.2936785344   0.2936785277
  10.8681135225   0.2580474774   0.2580474718
  10.9181969950   0.2286522133   0.2286522087
  10.9682804674   0.2044125190   0.2044125152
  11.0183639399   0.1843941123   0.1843941092
  11.0684474124   0.1678291869   0.1678291844
  11.1185308848   0.1541037877   0.1541037856
  11.1686143573   0.1427347217   0.1427347200
  11.2186978297   0.1333459252   0.1333459238
  11.2687813022   0.1256479945   0.1256479934
  11.3188647746   0.1194218359   0.1194218350
  11.3689482471   0.1145063063   0.1145063055
  11.4190317195   0.1107893867   0.1107893862
  11.4691151920   0.1082024247   0.1082024243
  11.5191986644   0.1067170893   0.1067170891
  11.5692821369   0.1063448322   0.1063448321
  11.6193656093   0.1071387800   0.1071387801
  11.6694490818   0.1091980649   0.1091980651
  11.7195325543   0.1126745564   0.1126745568
  11.7696160267   0.1177816265   0.1177816271
  11.8196994992   0.1248036136   0.1248036145
  11.8697829716   0.1341023323   0.1341023335
  11.9198664441   0.1461119307   0.1461119323
  11.9699499165   0.1613033600   0.1613033620
  12.0200333890   0.1800821683   0.1800821707
  12.0701168614   0.2025600225   0.2025600253
  12.1202003339   0.2281326790   0.2281326820
  12.1702838063   0.2548765878   0.2548765907
  12.2203672788   0.2790642511   0.2790642531
  12.2704507513   0.2955514783   0.2955514787
  12.3205342237   0.2997168666   0.2997168650
  12.3706176962   0.2901282279   0.2901282245
  12.4207011686   0.2695101800   0.2695101754
  12.4707846411   0.2429541098   0.2429541049
  12.5208681135   0.2152654907   0.2152654860
  12.5709515860   0.1895509428   0.1895509386
  12.6210350584   0.1672221439   0.1672221404
  12.6711185309   0.1485812332   0.1485812303
  12.7212020033   0.1333777313   0.1333777290
  12.7712854758   0.1211608517   0.1211608499
  12.8213689482   0.1114582237   0.1114582222
  12.8714524207   0.1038504937   0.1038504926
  12.9215358932   0.0979936805   0.0979936797
  12.9716193656   0.0936188459   0.0936188453
  13.0217028381   0.0905237657   0.0905237653
  13.0717863105   0.0885631978   0.0885631976
  13.1218697830   0.0876404029   0.0876404029
  13.1719532554   0.0877008128   0.0877008130
  13.2220367279   0.0887280375   0.0887280378
  13.2721202003   0.0907421850   0.0907421855
  13.3222036728   0.0938004729   0.0938004736
  13.3722871452   0.0980002050   0.0980002059
  13.4223706177   0.1034843257   0.1034843269
  13.4724540902   0.1104499046   0.1104499062
  13.5225375626   0.1191600097   0.1191600116
  13.5726210351   0.1299594122   0.1299594145
  13.6227045075   0.1432942236   0.1432942265
  13.6727879800   0.1597344615   0.1597344651
  13.7228714524   0.1799957219   0.1799957263
  13.7729549249   0.2049497212   0.2049497267
  13.8230383973   0.2355999831   0.2355999898
  13.8731218698   0.2729731748   0.2729731829
  13.9232053422   0.3178347130   0.3178347225
  13.9732888147   0.3700918492   0.3700918599
  14.0233722871   0.4277700032   0.4277700144
  14.0734557596   0.4857277808   0.4857277908
  14.1235392321   0.5350211517   0.5350211584
  14.1736227045   0.5646124290   0.5646124303
  14.2237061770   0.5661649153   0.5661649104
  14.2737896494   0.5390508308   0.5390508208
  14.3238731219   0.4907780608   0.4907780479
  14.3739565943   0.4323642559   0.4323642424
  14.4240400668   0.3732230620   0.3732230494
  14.4741235392   0.3190059811   0.3190059700
  14.5242070117   0.2720318089   0.2720317995
  14.5742904841   0.2325661918   0.2325661840
  14.6243739566   0.1999045382   0.1999045318
  14.6744574290   0.1730224548   0.1730224495
  14.7245409015   0.1508929138   0.1508929094
  14.7746243740   0.1326114665   0.1326114629
  14.8247078464   0.1174276662   0.1174276632
  14.8747913189   0.1047368482   0.1047368456
  14.9248747913   0.0940585474   0.0940585452
  14.9749582638   0.0850130275   0.0850130257
  15.0250417362   0.0773002779   0.0773002763
  15.0751252087   0.0706826672   0.0706826658
  15.1252086811   0.0649711646   0.0649711634
  15.1752921536   0.0600146064   0.0600146053
  15.2253756260   0.0556914118   0.0556914109
  15.2754590985   0.0519032117   0.0519032109
  15.3255425710   0.0485699451   0.0485699444
  15.3756260434   0.0456260780   0.0456260774
  15.4257095159   0.0430176755   0.0430176750
  15.4757929883   0.0407001247   0.0407001242
  15.5258764608   0.0386363551   0.0386363546
  15.5759599332   0.0367954409   0.0367954405
  15.6260434057   0.0351514981   0.0351514978
  15.6761268781   0.0336828098   0.0336828095
  15.7262103506   0.0323711305   0.0323711302
  15.7762938230   0.0312011314   0.0312011311
  15.8263772955   0.0301599563   0.0301599561
  15.8764607679   0.0292368683   0.0292368681
  15.9265442404   0.0284229676   0.0284229674
  15.9766277129   0.0277109696   0.0277109695
  16.0267111853   0.0270950327   0.0270950326
  16.0767946578   0.0265706281   0.0265706280
  16.1268781302   0.0261344475   0.0261344475
  16.1769616027   0.0257843444   0.0257843443
  16.2270450751   0.0255193067   0.0255193067
  16.2771285476   0.0253394620   0.0253394620
  16.3272120200   0.0252461139   0.0252461139
  16.3772954925   0.0252418145   0.0252418145
  16.4273789649   0.0253304753   0.0253304753
  16.4774624374   0.0255175238   0.0255175238
  16.5275459098   0.0258101151   0.0258101151
  16.5776293823   0.0262174094   0.0262174095
  16.6277128548   0.0267509331   0.0267509333
  16.6777963272   0.0274250448   0.0274250450
  16.7278797997   0.0282575349   0.0282575351
  16.7779632721   0.0292703987   0.0292703990
  16.8280467446   0.0304908344   0.0304908347
  16.8781302170   0.0319525341   0.0319525345
  16.9282136895   0.0336973601   0.0336973606
  16.9782971619   0.0357775255   0.0357775261
  17.0283806344   0.0382584340   0.0382584347
  17.0784641068   0.0412223725   0.0412223734
  17.1285475793   0.0447732866   0.0447732876
  17.1786310518   0.0490428755   0.0490428767
  17.2287145242   0.0541981718   0.0541981732
  17.2787979967   0.0604504935   0.0604504953
  17.3288814691   0.0680649000   0.0680649022
  17.3789649416   0.0773674995   0.0773675023
  17.4290484140   0.0887440544   0.0887440578
  17.4791318865   0.1026154873   0.1026154914
  17.5292153589   0.1193618632   0.1193618681
  17.5792988314   0.1391466810   0.1391466867
  17.6293823038   0.1615823625   0.1615823686
  17.6794657763   0.1852289671   0.1852289730
  17.7295492487   0.2071333318   0.2071333362
  17.7796327212   0.2230017477   0.2230017492
  17.8297161937   0.2286631230   0.2286631207
  17.8797996661   0.2223736381   0.2223736322
  17.9298831386   0.2059817221   0.2059817139
  17.9799666110   0.1836964509   0.1836964419
  18.0300500835   0.1597840094   0.1597840007
  18.0801335559   0.1371471861   0.1371471783
  18.1302170284   0.1171843855   0.1171843788
  18.1803005008   0.1002586526   0.1002586470
  18.2303839733   0.0861951943   0.0861951897
  18.2804674457   0.0746102467   0.0746102429
  18.3305509182   0.0650827556   0.0650827524
  18.3806343907   0.0572281631   0.0572281604
  18.4307178631   0.0507218387   0.0507218365
  18.4808013356   0.0453000367   0.0453000349
  18.5308848080   0.0407524484   0.0407524469
  18.5809682805   0.0369127324   0.0369127310
  18.6310517529   0.0336495961   0.0336495949
  18.6811352254   0.0308592607   0.0308592597
  18.7312186978   0.0284594078   0.0284594069
  18.7813021703   0.0263844395   0.0263844388
  18.8313856427   0.0245818132   0.0245818125
  18.8814691152   0.0230092222   0.0230092216
  18.9315525876   0.0216324316   0.0216324311
  18.9816360601   0.0204236131   0.0204236126
  19.0317195326   0.0193600626   0.0193600622
  19.0818030050   0.0184232095   0.0184232091
  19.1318864775   0.0175978487   0.0175978484
  19.1819699499   0.0168715473   0.0168715470
  19.2320534224   0.0162341835   0.0162341833
  19.2821368948   0.0156775944   0.0156775942
  19.3322203673   0.0151953075   0.0151953073
  19.3823038397   0.0147823435   0.0147823434
  19.4323873122   0.0144350796   0.0144350795
  19.4824707846   0.0141511652   0.0141511651
  19.5325542571   0.0139294888   0.0139294887
  19.5826377295   0.0137701941   0.0137701940
  19.6327212020   0.0136747496   0.0136747496
  19.6828046745   0.0136460775   0.0136460775
  19.7328881469   0.0136887529   0.0136887529
  19.7829716194   0.0138092889   0.0138092889
  19.8330550918   0.0140165296   0.0140165297
  19.8831385643   0.0143221807   0.0143221808
  19.9332220367   0.0147415155   0.0147415157
  19.9833055092   0.0152943050   0.0152943052
  20.0333889816   0.0160060244   0.0160060247
  20.0834724541   0.0169093894   0.0169093898
  20.1335559265   0.0180462355   0.0180462359
  20.1836393990   0.0194696602   0.0194696608
  20.2337228715   0.0212460833   0.0212460841
  20.2838063439   0.0234562975   0.0234562985
  20.3338898164   0.0261933418   0.0261933430
  20.3839732888   0.0295526467   0.0295526482
  20.4340567613   0.0336059708   0.0336059725
  20.4841402337   0.0383462069   0.0383462088
  20.5342237062   0.0435916505   0.0435916526
  20.5843071786   0.0488637715   0.0488637734
  20.6343906511   0.0533238601   0.0533238615
  20.6844741235   0.0559341114   0.0559341118
  20.7345575960   0.0559200903   0.0559200895
  20.7846410684   0.0532497672   0.0532497656
  20.8347245409   0.0486552057   0.0486552035
  20.8848080134   0.0431729114   0.0431729090
  20.9348914858   0.0376651226   0.0376651203
  20.9849749583   0.0326359232   0.0326359212
  21.0350584307   0.0282841453   0.0282841436
  21.0851419032   0.0246253377   0.0246253363
  21.1352253756   0.0215905094   0.0215905082
  21.1853088481   0.0190840393   0.0190840384
  21.2353923205   0.0170114058   0.0170114050
  21.2854757930   0.0152898852   0.0152898846
  21.3355592654   0.0138510469   0.0138510463
  21.3856427379   0.0126398315   0.0126398310
  21.4357262104   0.0116125108   0.0116125104
  21.4858096828   0.0107345207   0.0107345204
  21.5358931553   0.0099785407   0.0099785404
  21.5859766277   0.0093229127   0.0093229125
  21.6360601002   0.0087503896   0.0087503894
  21.6861435726   0.0082471595   0.0082471593
  21.7362270451   0.0078020947   0.0078020945
  21.7863105175   0.0074061727   0.0074061725
  21.8363939900   0.0070520312   0.0070520311
  21.8864774624   0.0067336247   0.0067336246
  21.9365609349   0.0064459579   0.0064459578
  21.9866444073   0.0061848786   0.0061848785
  22.0367278798   0.0059469153   0.0059469152
  22.0868113523   0.0057291493   0.0057291492
  22.1368948247   0.0055291137   0.0055291136
  22.1869782972   0.0053447125   0.0053447124
  22.2370617696   0.0051741564   0.0051741563
  22.2871452421   0.0050159105   0.0050159104
  22.3372287145   0.0048686523   0.0048686523
  22.3873121870   0.0047312375   0.0047312375
  22.4373956594   0.0046026717   0.0046026717
  22.4874791319   0.0044820877   0.0044820877
  22.5375626043   0.0043687260   0.0043687260
  22.5876460768   0.0042619194   0.0042619194
  22.6377295492   0.0041610795   0.0041610794
  22.6878130217   0.0040656858   0.0040656858
  22.7378964942   0.0039752764   0.0039752764
  22.7879799666   0.0038894402   0.0038894401
  22.8380634391   0.0038078100   0.0038078100
  22.8881469115   0.0037300574   0.0037300573
  22.9382303840   0.0036558872   0.0036558872
  22.9883138564   0.0035850341   0.0035850341
  23.0383973289   0.0035172585   0.0035172584
  23.0884808013   0.0034523437   0.0034523437
  23.1385642738   0.0033900936   0.0033900936
  23.1886477462   0.0033303296   0.0033303295
  23.2387312187   0.0032728893   0.0032728893
  23.2888146912   0.0032176246   0.0032176246
  23.3388981636   0.0031644000   0.0031643999
  23.3889816361   0.0031130914   0.0031130914
  23.4390651085   0.0030635850   0.0030635850
  23.4891485810   0.0030157761   0.0030157761
  23.5392320534   0.0029695683   0.0029695683
  23.5893155259   0.0029248727   0.0029248727
  23.6393989983   0.0028816072   0.0028816072
  23.6894824708   0.0028396957   0.0028396957
  23.7395659432   0.0027990677   0.0027990677
  23.7896494157   0.0027596580   0.0027596579
  23.8397328881   0.0027214055   0.0027214055
  23.8898163606   0.0026842538   0.0026842538
  23.9398998331   0.0026481501   0.0026481501
  23.9899833055   0.0026130452   0.0026130452
  24.0400667780   0.0025788930   0.0025788930
  24.0901502504   0.0025456505   0.0025456505
  24.1402337229   0.0025132774   0.0025132774
  24.1903171953   0.0024817358   0.0024817358
  24.2404006678   0.0024509902   0.0024509902
  24.2904841402   0.0024210073   0.0024210073
  24.3405676127   0.0023917556   0.0023917556
  24.3906510851   0.0023632055   0.0023632055
  24.4407345576   0.0023353292   0.0023353292
  24.4908180301   0.0023081003   0.0023081003
  24.5409015025   0.0022814939   0.0022814939
  24.5909849750   0.0022554865   0.0022554865
  24.6410684474   0.0022300558   0.0022300558
  24.6911519199   0.0022051808   0.0022051808
  24.7412353923   0.0021808415   0.0021808415
  24.7913188648   0.0021570188   0.0021570188
  24.8414023372   0.0021336948   0.0021336948
  24.8914858097   0.0021108523   0.0021108523
  24.9415692821   0.0020884752   0.0020884752
  24.9916527546   0.0020665477   0.0020665477
  25.0417362270   0.0020450553   0.0020450553
  25.0918196995   0.0020239838   0.0020239838
  25.1419031720   0.0020033198   0.0020033198
  25.1919866444   0.0019830505   0.0019830505
  25.2420701169   0.0019631637   0.0019631637
  25.2921535893   0.0019436476   0.0019436476
  25.3422370618   0.0019244910   0.0019244910
  25.3923205342   0.0019056834   0.0019056834
  25.4424040067   0.0018872143   0.0018872143
  25.4924874791   0.0018690741   0.0018690741
  25.5425709516   0.0018512532   0.0018512532
  25.5926544240   0.0018337427   0.0018337427
  25.6427378965   0.0018165339   0.0018165339
  25.6928213689   0.0017996185   0.0017996185
  25.7429048414   0.0017829884   0.0017829884
  25.7929883139   0.0017666361   0.0017666361
  25.8430717863   0.0017505541   0.0017505541
  25.8931552588   0.0017347354   0.0017347354
  25.9432387312   0.0017191730   0.0017191730
  25.9933222037   0.0017038604   0.0017038604
  26.0434056761   0.0016887913   0.0016887913
  26.0934891486   0.0016739595   0.0016739595
  26.1435726210   0.0016593592   0.0016593592
  26.1936560935   0.0016449846   0.0016449846
  26.2437395659   0.0016308303   0.0016308303
  26.2938230384   0.0016168910   0.0016168910
  26.3439065109   0.0016031616   0.0016031616
  26.3939899833   0.0015896371   0.0015896371
  26.4440734558   0.0015763127   0.0015763127
  26.4941569282   0.0015631838   0.0015631838
  26.5442404007   0.0015502460   0.0015502460
  26.5943238731   0.0015374949   0.0015374949
  26.6444073456   0.0015249263   0.0015249263
  26.6944908180   0.0015125363   0.0015125363
  26.7445742905   0.0015003208   0.0015003208
  26.7946577629   0.0014882760   0.0014882760
  26.8447412354   0.0014763984   0.0014763984
  26.8948247078   0.0014646842   0.0014646842
  26.9449081803   0.0014531301   0.0014531301
  26.9949916528   0.0014417327   0.0014417327
  27.0450751252   0.0014304887   0.0014304887
  27.0951585977   0.0014193949   0.0014193949
  27.1452420701   0.0014084483   0.0014084484
  27.1953255426   0.0013976460   0.0013976460
  27.2454090150   0.0013869849   0.0013869849
  27.2954924875   0.0013764623   0.0013764623
  27.3455759599   0.0013660754   0.0013660754
  27.3956594324   0.0013558216   0.0013558216
  27.4457429048   0.0013456983   0.0013456983
  27.4958263773   0.0013357029   0.0013357029
  27.5459098497   0.0013258331   0.0013258331
  27.5959933222   0.0013160864   0.0013160864
  27.6460767947   0.0013064605   0.0013064605
  27.6961602671   0.0012969531   0.0012969531
  27.7462437396   0.0012875621   0.0012875621
  27.7963272120   0.0012782853   0.0012782853
  27.8464106845   0.0012691206   0.0012691206
  27.8964941569   0.0012600660   0.0012600660
  27.9465776294   0.0012511195   0.0012511195
  27.9966611018   0.0012422791   0.0012422791
  28.0467445743   0.0012335430   0.0012335430
  28.0968280467   0.0012249094   0.0012249094
  28.1469115192   0.0012163764   0.0012163764
  28.1969949917   0.0012079423   0.0012079423
  28.2470784641   0.0011996053   0.0011996053
  28.2971619366   0.0011913639   0.0011913639
  28.3472454090   0.0011832163   0.0011832163
  28.3973288815   0.0011751611   0.0011751611
  28.4474123539   0.0011671966   0.0011671966
  28.4974958264   0.0011593213   0.0011593213
  28.5475792988   0.0011515338   0.0011515338
  28.5976627713   0.0011438325   0.0011438325
  28.6477462437   0.0011362162   0.0011362162
  28.6978297162   0.0011286833   0.0011286833
  28.7479131886   0.0011212326   0.0011212326
  28.7979966611   0.0011138628   0.0011138628
  28.8480801336   0.0011065724   0.0011065724
  28.8981636060   0.0010993604   0.0010993604
  28.9482470785   0.0010922254   0.0010922254
  28.9983305509   0.0010851662   0.0010851662
  29.0484140234   0.0010781816   0.0010781816
  29.0984974958   0.0010712706   0.0010712706
  29.1485809683   0.0010644319   0.0010644319
  29.1986644407   0.0010576644   0.0010576644
  29.2487479132   0.0010509671   0.0010509672
  29.2988313856   0.0010443390   0.0010443390
  29.3489148581   0.0010377788   0.0010377788
  29.3989983306   0.0010312857   0.0010312857
  29.4490818030   0.0010248587   0.0010248587
  29.4991652755   0.0010184967   0.0010184967
  29.5492487479   0.0010121988   0.0010121988
  29.5993322204   0.0010059640   0.0010059640
  29.6494156928   0.0009997915   0.0009997915
  29.6994991653   0.0009936804   0.0009936804
  29.7495826377   0.0009876297   0.0009876297
  29.7996661102   0.0009816385   0.0009816385
  29.8497495826   0.0009757061   0.0009757061
  29.8998330551   0.0009698317   0.0009698317
  29.9499165275   0.0009640143   0.0009640143
  30.0000000000   0.0009582531   0.0009582531
